-inf
-inf
-47.441719
-44.928394
-44.728836
-45.006626
-45.215340
-44.861412
-44.952637
-44.697609
-45.226612
-44.825264
-45.603756
-45.165565
-44.959785
-44.685295
-45.026825
-44.573086
-45.430855
-44.228775
-45.276028
-44.451889
-45.059834
-44.380604
-44.989666
-44.673321
-45.136230
-45.071381
-44.816242
-44.560909
-45.320560
-44.666698
-44.785988
-44.458229
-44.999138
-44.152527
-45.515793
-44.466770
-45.205860
-44.859043
-44.738075
-44.364090
-44.909988
-44.741810
-45.239235
-44.807880
-44.929333
-44.654541
-44.786236
-44.417660
-45.314537
-44.554253
-44.555782
-44.650661
-45.091179
-44.361271
-44.933907
-44.597256
-44.755432
-44.497627
-44.739784
-44.764114
-44.987244
-44.644844
-44.964928
-44.791119
-45.223255
-44.778999
-45.452187
-44.751606
-45.547905
-45.067623
-44.607315
-44.864307
-45.217793
-45.127621
-45.165127
-44.573524
-44.917301
-45.061665
-44.895840
-45.105698
-45.034653
-44.695923
-44.960640
-44.639191
-45.357841
-44.784195
-45.281784
-44.659775
-45.005970
-44.818092
-45.402462
-42.823441
-44.000648
-43.802887
-42.267048
-42.125694
-41.667038
-43.052914
-43.033260
-41.309986
-41.416435
-41.424305
-41.616947
-43.046078
-42.417690
-43.062683
-45.211708
-44.726086
-44.958412
-44.508900
-44.985744
-44.814060
-44.699818
-44.724915
-44.956318
-44.609848
-43.455029
-42.606155
-41.409641
-39.632328
-40.973743
-38.565498
-38.256275
-39.051579
-38.932537
-39.662445
-40.248322
-38.598267
-39.097752
-37.337566
-36.906780
-36.983627
-36.918259
-39.712898
-41.702759
-44.347908
-42.655155
-44.649769
-44.849892
-44.770123
-44.845997
-44.900501
-44.988235
-45.224998
-44.930958
-44.813946
-44.834778
-45.054604
-45.376495
-44.687370
-44.776352
-44.248905
-44.709789
-44.467518
-44.684578
-44.517750
-44.802074
-44.601673
-44.851589
-44.761646
-44.588287
-44.682976
-44.966305
-44.804901
-44.731636
-44.873081
-44.660927
-44.923542
-44.611805
-44.835648
-44.602352
-44.631069
-44.754601
-44.494076
-44.899677
-44.733875
-45.107628
-45.020527
-45.123409
-45.262722
-45.038528
-44.974834
-45.073654
-44.729858
-44.788071
-45.263786
-44.733353
-44.968414
-45.128162
-45.156010
-44.998894
-45.145069
-44.481327
-44.598946
-45.064114
-44.766140
-45.104774
-44.704704
-45.125954
-44.851994
-44.900936
-45.131470
-44.899338
-45.326942
-44.784107
-45.500820
-45.144325
-45.069843
-44.948872
-44.584293
-44.780968
-44.766888
-44.840206
-44.645622
-44.306019
-44.152538
-44.752895
-45.133827
-44.479435
-44.777355
-45.104889
-44.949459
-44.573223
-44.813652
-44.658199
-44.475273
-44.998787
-44.801903
-44.755898
-44.603546
-44.919819
-44.591042
-44.616619
-45.059185
-45.056118
-45.003361
-44.690331
-45.149712
-44.252914
-44.935555
-44.920811
-45.156494
-44.761139
-44.717300
-44.763683
-45.166382
-44.663002
-44.813049
-44.681412
-45.211632
-44.418385
-45.020489
-44.654652
-44.591297
-45.163464
-44.606152
-44.127975
-45.277607
-44.838680
-45.023407
-44.618252
-44.739834
-44.770241
-44.326157
-44.691853
-45.367851
-44.109451
-45.617767
-44.399788
-44.921047
-45.098362
-45.091805
-44.710510
-44.727093
-44.713081
-45.758507
-44.322002
-44.780075
-45.068653
-44.820683
-44.694427
-45.389267
-44.399002
-45.178593
-44.320065
-44.234779
-44.838737
-45.274754
-44.406906
-44.997509
-45.030472
-44.779194
-44.971622
-45.459091
-44.444420
-44.354973
-44.824955
-45.047165
-44.622803
-45.198704
-44.564442
-44.960201
-44.668716
-44.815674
-44.461098
-44.924004
-44.844822
-45.199642
-44.313305
-45.391792
-44.407742
-45.223335
-45.392521
-45.162476
-44.747311
-44.734280
-45.456188
-45.463905
-44.640324
-45.821133
-44.223492
-44.776852
-44.796242
-45.266201
-44.565796
-45.096214
-45.061035
-45.596931
-44.984787
-46.098804
-45.006786
-45.340359
-45.250916
-45.181839
-44.852119
-46.309032
-45.104351
-45.157814
-45.115860
-45.079521
-45.164795
-45.693798
-44.802395
-46.122345
-44.700756
-45.725761
-45.223339
-45.448757
-45.333511
-44.973682
-45.364765
-45.268795
-45.397903
-45.630417
-45.186813
-45.212635
-45.526798
-45.438839
-45.798988
-45.297974
-45.353046
-45.795055
-44.797817
-45.685543
-45.051479
-45.359634
-44.913208
-46.151482
-44.876324
-45.877037
-45.247978
-45.332169
-45.773617
-45.807869
-45.272278
-46.198647
-44.583309
-46.465107
-45.104111
-45.330132
-45.270466
-44.941196
-45.365536
-45.664577
-45.610580
-45.389324
-45.070164
-45.499039
-45.231239
-45.448162
-46.213997
-45.183735
-44.905968
-44.952274
-44.734131
-45.879047
-44.932121
-45.345291
-45.356293
-45.388802
-45.407722
-45.945427
-44.938824
-45.513683
-44.973377
-44.723007
-45.512985
-44.944672
-45.065193
-45.129906
-44.755993
-45.028145
-45.122932
-45.354736
-45.050953
-45.560982
-45.314217
-45.959290
-44.945293
-45.474468
-45.241497
-45.734200
-45.192738
-45.644993
-45.473007
-45.441345
-44.912125
-45.358856
-45.230667
-45.302265
-44.680889
-45.695194
-44.959415
-45.796291
-45.516418
-45.483498
-44.895473
-45.443825
-44.945557
-45.315559
-45.241219
-44.691994
-44.961838
-45.241619
-44.799759
-44.855183
-44.847363
-45.141884
-44.637302
-45.112419
-44.793449
-45.299557
-44.227882
-45.327938
-45.213264
-45.628540
-45.151325
-45.172157
-44.742550
-45.541389
-44.877552
-45.607849
-44.687675
-44.722828
-45.251450
-44.949760
-44.904736
-45.131958
-44.869659
-44.547421
-44.728130
-45.167667
-44.991806
-45.403309
-44.783588
-45.467270
-45.042580
-45.699062
-45.202595
-45.007671
-44.757130
-44.959419
-44.847679
-45.141201
-44.862411
-45.106216
-44.454697
-44.739731
-45.173798
-44.768349
-44.989513
-45.098209
-44.850929
-45.738205
-44.411682
-45.082325
-44.900146
-45.259682
