0.00335700
0.00305200
0.00286900
0.00262500
0.00241100
0.00235000
0.00204500
0.00180100
0.00155600
0.00131200
0.00103800
0.00079300
0.00051900
0.00021400
-0.00006100
-0.00027500
-0.00039700
-0.00070200
-0.00088500
-0.00109900
-0.00134300
-0.00167800
-0.00177000
-0.00198400
-0.00216700
-0.00238000
-0.00262500
-0.00265500
-0.00280800
-0.00305200
-0.00329600
-0.00351000
-0.00372300
-0.00390600
-0.00399800
-0.00405900
-0.00396700
-0.00424200
-0.00463900
-0.00494400
-0.00521900
-0.00543200
-0.00564600
-0.00576800
-0.00595100
-0.00604200
-0.00619500
-0.00634800
-0.00647000
-0.00647000
-0.00650000
-0.00668300
-0.00671400
-0.00668300
-0.00668300
-0.00659200
-0.00665300
-0.00671400
-0.00671400
-0.00650000
-0.00656100
-0.00665300
-0.00659200
-0.00628700
-0.00622600
-0.00653100
-0.00668300
-0.00689700
-0.00695800
-0.00689700
-0.00686600
-0.00720200
-0.00762900
-0.00781300
-0.00787400
-0.00802600
-0.00833100
-0.00869800
-0.00906400
-0.00936900
-0.00958300
-0.00985700
-0.01007100
-0.01019300
-0.01034500
-0.01040600
-0.01025400
-0.01019300
-0.01031500
-0.01040600
-0.01037600
-0.01040600
-0.01040600
-0.01028400
-0.01031500
-0.01022300
-0.01010100
-0.01007100
-0.00997900
-0.00994900
-0.00988800
-0.00982700
-0.00979600
-0.00982700
-0.00982700
-0.00979600
-0.00973500
-0.00964400
-0.00985700
-0.00991800
-0.01004000
-0.00994900
-0.00991800
-0.01004000
-0.01004000
-0.00994900
-0.00994900
-0.00988800
-0.00979600
-0.00973500
-0.00961300
-0.00952100
-0.00936900
-0.00930800
-0.00930800
-0.00924700
-0.00912500
-0.00891100
-0.00866700
-0.00842300
-0.00833100
-0.00808700
-0.00787400
-0.00744600
-0.00705000
-0.00686600
-0.00671400
-0.00637800
-0.00604200
-0.00573700
-0.00528000
-0.00485200
-0.00451700
-0.00439500
-0.00399800
-0.00354000
-0.00329600
-0.00314300
-0.00286900
-0.00265500
-0.00244100
-0.00228900
-0.00219700
-0.00201400
-0.00186200
-0.00174000
-0.00174000
-0.00170900
-0.00164800
-0.00170900
-0.00152600
-0.00134300
-0.00125100
-0.00125100
-0.00125100
-0.00125100
-0.00109900
-0.00109900
-0.00119000
-0.00119000
-0.00106800
-0.00109900
-0.00112900
-0.00106800
-0.00103800
-0.00103800
-0.00100700
-0.00091600
-0.00094600
-0.00091600
-0.00088500
-0.00073200
-0.00070200
-0.00051900
-0.00051900
-0.00030500
-0.00036600
-0.00003100
0.00015300
0.00021400
0.00036600
0.00042700
0.00067100
0.00079300
0.00100700
0.00100700
0.00103800
0.00106800
0.00128200
0.00140400
0.00158700
0.00189200
0.00213600
0.00235000
0.00268600
0.00286900
0.00326500
0.00347900
0.00366200
0.00412000
0.00442500
0.00497400
0.00540200
0.00558500
0.00607300
0.00640900
0.00665300
0.00708000
0.00753800
0.00790400
0.00833100
0.00878900
0.00915500
0.00955200
0.00979600
0.01013200
0.01031500
0.01055900
0.01080300
0.01110800
0.01129200
0.01162700
0.01178000
0.01190200
0.01211500
0.01223800
0.01248200
0.01269500
0.01290900
0.01306200
0.01306200
0.01321400
0.01333600
0.01324500
0.01342800
0.01348900
0.01336700
0.01321400
0.01306200
0.01300000
0.01300000
0.01287800
0.01266500
0.01248200
0.01220700
0.01196300
0.01168800
0.01147500
0.01123000
0.01107800
0.01080300
0.01059000
0.01034500
0.00994900
0.00958300
0.00921600
0.00903300
0.00866700
0.00827000
0.00805700
0.00775100
0.00747700
0.00738500
0.00738500
0.00717200
0.00686600
0.00656100
0.00625600
0.00595100
0.00564600
0.00537100
0.00512700
0.00491300
0.00466900
0.00439500
0.00408900
0.00387600
0.00363200
0.00344800
0.00326500
0.00293000
0.00259400
0.00244100
0.00235000
0.00238000
0.00228900
0.00201400
0.00189200
0.00180100
0.00164800
0.00167800
0.00170900
0.00161700
0.00155600
0.00164800
0.00164800
0.00164800
0.00164800
0.00174000
0.00201400
0.00222800
0.00244100
0.00265500
0.00274700
0.00299100
0.00329600
0.00372300
0.00402800
0.00433300
0.00476100
0.00506600
0.00537100
0.00567600
0.00589000
0.00625600
0.00634800
0.00616500
0.00561500
0.00534100
0.00543200
0.00546300
0.00528000
0.00485200
0.00466900
0.00421100
0.00369300
0.00354000
0.00317400
0.00238000
0.00161700
0.00112900
0.00061000
0.00003100
-0.00018300
-0.00067100
-0.00116000
-0.00131200
-0.00106800
-0.00131200
-0.00152600
-0.00158700
-0.00186200
-0.00219700
-0.00238000
-0.00244100
-0.00241100
-0.00238000
-0.00262500
-0.00299100
-0.00344800
-0.00372300
-0.00396700
-0.00433300
-0.00470000
-0.00494400
-0.00528000
-0.00576800
-0.00616500
-0.00650000
-0.00698900
-0.00729400
-0.00769000
-0.00802600
-0.00851400
-0.00894200
-0.00924700
-0.00961300
-0.01001000
-0.01037600
-0.01065100
-0.01098600
-0.01126100
-0.01147500
-0.01162700
-0.01174900
-0.01199300
-0.01229900
-0.01254300
-0.01248200
-0.01251200
-0.01257300
-0.01263400
-0.01266500
-0.01266500
-0.01248200
-0.01205400
-0.01181000
-0.01171900
-0.01147500
-0.01141400
-0.01129200
-0.01101700
-0.01068100
-0.01046800
-0.01040600
-0.01013200
-0.00985700
-0.00955200
-0.00927700
-0.00903300
-0.00894200
-0.00891100
-0.00891100
-0.00897200
-0.00906400
-0.00930800
-0.00927700
-0.00903300
-0.00891100
-0.00900300
-0.00927700
-0.00927700
-0.00927700
-0.00939900
-0.00946000
-0.00955200
-0.00982700
-0.00994900
-0.01004000
-0.01001000
-0.00985700
-0.00970500
-0.00970500
-0.00970500
-0.00943000
-0.00918600
-0.00912500
-0.00888100
-0.00851400
-0.00830100
-0.00790400
-0.00738500
-0.00683600
-0.00647000
-0.00592000
-0.00552400
-0.00528000
-0.00457800
-0.00399800
-0.00347900
-0.00305200
-0.00250200
-0.00192300
-0.00164800
-0.00161700
-0.00177000
-0.00174000
-0.00131200
-0.00094600
-0.00100700
-0.00091600
-0.00106800
-0.00134300
-0.00146500
-0.00164800
-0.00183100
-0.00207500
-0.00244100
-0.00271600
-0.00296000
-0.00305200
-0.00317400
-0.00335700
-0.00344800
-0.00323500
-0.00302100
-0.00302100
-0.00274700
-0.00250200
-0.00238000
-0.00216700
-0.00192300
-0.00177000
-0.00170900
-0.00128200
-0.00106800
-0.00088500
-0.00054900
-0.00027500
0.00000000
0.00006100
0.00027500
0.00048800
0.00061000
0.00076300
0.00079300
0.00094600
0.00094600
0.00103800
0.00088500
0.00088500
0.00094600
0.00079300
0.00061000
0.00054900
0.00054900
0.00030500
0.00042700
0.00048800
0.00051900
0.00045800
0.00012200
0.00015300
0.00015300
-0.00006100
-0.00018300
-0.00033600
-0.00027500
-0.00015300
0.00018300
0.00048800
0.00033600
0.00042700
0.00103800
0.00149500
0.00180100
0.00250200
0.00296000
0.00317400
0.00375400
0.00445600
0.00488300
0.00515700
0.00570700
0.00610400
0.00637800
0.00680500
0.00732400
0.00762900
0.00793500
0.00851400
0.00869800
0.00885000
0.00912500
0.00939900
0.00949100
0.00976600
0.01013200
0.01037600
0.01068100
0.01116900
0.01184100
0.01220700
0.01263400
0.01300000
0.01330600
0.01382400
0.01446500
0.01498400
0.01525900
0.01577800
0.01632700
0.01647900
0.01593000
0.01541100
0.01528900
0.01538100
0.01550300
0.01528900
0.01498400
0.01458700
0.01409900
0.01391600
0.01379400
0.01330600
0.01239000
0.01181000
0.01126100
0.01068100
0.01034500
0.01022300
0.00976600
0.00927700
0.00936900
0.00946000
0.00912500
0.00912500
0.00921600
0.00872800
0.00851400
0.00863600
0.00854500
0.00842300
0.00851400
0.00860600
0.00842300
0.00836200
0.00848400
0.00827000
0.00802600
0.00808700
0.00799600
0.00772100
0.00738500
0.00714100
0.00711100
0.00689700
0.00680500
0.00662200
0.00631700
0.00604200
0.00585900
0.00570700
0.00531000
0.00515700
0.00500500
0.00488300
0.00460800
0.00436400
0.00418100
0.00381500
0.00363200
0.00332600
0.00311300
0.00274700
0.00244100
0.00222800
0.00198400
0.00204500
0.00204500
0.00180100
0.00174000
0.00183100
0.00170900
0.00152600
0.00177000
0.00213600
0.00204500
0.00152600
0.00158700
0.00170900
0.00146500
0.00186200
0.00186200
0.00146500
0.00106800
0.00131200
0.00152600
0.00100700
0.00088500
0.00079300
0.00024400
0.00003100
0.00033600
0.00003100
-0.00058000
-0.00067100
-0.00070200
-0.00103800
-0.00106800
-0.00085400
-0.00109900
-0.00119000
-0.00094600
-0.00097700
-0.00116000
-0.00097700
-0.00042700
-0.00042700
-0.00039700
0.00006100
0.00015300
0.00006100
0.00045800
0.00097700
0.00149500
0.00167800
0.00204500
0.00219700
0.00241100
0.00262500
0.00231900
0.00146500
0.00082400
0.00100700
0.00094600
0.00048800
0.00012200
-0.00033600
-0.00131200
-0.00189200
-0.00195300
-0.00247200
-0.00366200
-0.00439500
-0.00500500
-0.00613400
-0.00689700
-0.00717200
-0.00793500
-0.00897200
-0.00915500
-0.00891100
-0.00946000
-0.00973500
-0.00949100
-0.00967400
-0.01004000
-0.00988800
-0.00985700
-0.01022300
-0.01016200
-0.00979600
-0.00973500
-0.00982700
-0.00958300
-0.00946000
-0.00949100
-0.00946000
-0.00915500
-0.00933800
-0.00936900
-0.00949100
-0.00924700
-0.00924700
-0.00949100
-0.00939900
-0.00964400
-0.00997900
-0.01004000
-0.01001000
-0.01037600
-0.01059000
-0.01059000
-0.01065100
-0.01065100
-0.01065100
-0.01055900
-0.01083400
-0.01113900
-0.01101700
-0.01123000
-0.01153600
-0.01168800
-0.01159700
-0.01168800
-0.01187100
-0.01184100
-0.01211500
-0.01272600
-0.01309200
-0.01223800
-0.01141400
-0.01135300
-0.01150500
-0.01132200
-0.01129200
-0.01126100
-0.01052900
-0.00991800
-0.01022300
-0.01034500
-0.00955200
-0.00933800
-0.00924700
-0.00857500
-0.00833100
-0.00863600
-0.00814800
-0.00735500
-0.00741600
-0.00756800
-0.00689700
-0.00680500
-0.00708000
-0.00640900
-0.00604200
-0.00604200
-0.00552400
-0.00476100
-0.00460800
-0.00424200
-0.00338700
-0.00286900
-0.00244100
-0.00201400
-0.00149500
-0.00109900
-0.00036600
0.00064100
0.00143400
0.00213600
0.00296000
0.00335700
0.00283800
0.00244100
0.00250200
0.00296000
0.00305200
0.00286900
0.00302100
0.00271600
0.00216700
0.00216700
0.00235000
0.00189200
0.00097700
0.00073200
0.00027500
-0.00058000
-0.00058000
-0.00054900
-0.00112900
-0.00134300
-0.00067100
-0.00042700
-0.00067100
-0.00036600
-0.00003100
-0.00018300
-0.00036600
0.00015300
0.00021400
0.00012200
0.00061000
0.00094600
0.00109900
0.00143400
0.00192300
0.00195300
0.00201400
0.00222800
0.00235000
0.00228900
0.00219700
0.00225800
0.00228900
0.00235000
0.00262500
0.00265500
0.00277700
0.00283800
0.00305200
0.00332600
0.00320400
0.00329600
0.00341800
0.00347900
0.00360100
0.00381500
0.00408900
0.00393700
0.00384500
0.00405900
0.00408900
0.00402800
0.00399800
0.00430300
0.00445600
0.00470000
0.00457800
0.00442500
0.00515700
0.00558500
0.00552400
0.00531000
0.00579800
0.00585900
0.00558500
0.00631700
0.00686600
0.00659200
0.00647000
0.00741600
0.00762900
0.00741600
0.00808700
0.00851400
0.00802600
0.00814800
0.00872800
0.00836200
0.00808700
0.00863600
0.00882000
0.00833100
0.00848400
0.00872800
0.00827000
0.00845300
0.00897200
0.00875900
0.00854500
0.00915500
0.00949100
0.00967400
0.01019300
0.01077300
0.01071200
0.01083400
0.01147500
0.01187100
0.01214600
0.01290900
0.01355000
0.01391600
0.01464800
0.01541100
0.01525900
0.01434300
0.01376300
0.01397700
0.01419100
0.01406900
0.01403800
0.01373300
0.01269500
0.01196300
0.01220700
0.01211500
0.01120000
0.01040600
0.00982700
0.00863600
0.00769000
0.00766000
0.00711100
0.00601200
0.00558500
0.00589000
0.00579800
0.00537100
0.00543200
0.00531000
0.00479100
0.00473000
0.00491300
0.00482200
0.00448600
0.00466900
0.00491300
0.00466900
0.00473000
0.00494400
0.00479100
0.00436400
0.00454700
0.00439500
0.00408900
0.00366200
0.00381500
0.00375400
0.00332600
0.00347900
0.00311300
0.00268600
0.00216700
0.00186200
0.00161700
0.00091600
0.00076300
0.00076300
0.00058000
0.00036600
0.00012200
-0.00009200
-0.00067100
-0.00097700
-0.00112900
-0.00158700
-0.00201400
-0.00235000
-0.00256300
-0.00317400
-0.00381500
-0.00424200
-0.00442500
-0.00427200
-0.00399800
-0.00396700
-0.00424200
-0.00436400
-0.00442500
-0.00436400
-0.00433300
-0.00424200
-0.00454700
-0.00445600
-0.00433300
-0.00421100
-0.00390600
-0.00372300
-0.00366200
-0.00344800
-0.00302100
-0.00296000
-0.00314300
-0.00329600
-0.00357100
-0.00399800
-0.00430300
-0.00451700
-0.00473000
-0.00473000
-0.00485200
-0.00503500
-0.00497400
-0.00500500
-0.00494400
-0.00500500
-0.00512700
-0.00509600
-0.00509600
-0.00506600
-0.00491300
-0.00476100
-0.00454700
-0.00415000
-0.00354000
-0.00305200
-0.00293000
-0.00216700
-0.00177000
-0.00210600
-0.00262500
-0.00305200
-0.00299100
-0.00277700
-0.00274700
-0.00296000
-0.00357100
-0.00418100
-0.00466900
-0.00494400
-0.00518800
-0.00579800
-0.00668300
-0.00741600
-0.00805700
-0.00863600
-0.00888100
-0.00924700
-0.01007100
-0.01046800
-0.01013200
-0.01013200
-0.01031500
-0.01040600
-0.01046800
-0.01086400
-0.01095600
-0.01046800
-0.01022300
-0.01019300
-0.01001000
-0.00976600
-0.00970500
-0.00949100
-0.00915500
-0.00924700
-0.00927700
-0.00903300
-0.00885000
-0.00888100
-0.00888100
-0.00878900
-0.00878900
-0.00869800
-0.00891100
-0.00903300
-0.00924700
-0.00949100
-0.00964400
-0.00973500
-0.00985700
-0.00985700
-0.00970500
-0.00961300
-0.00970500
-0.00976600
-0.00970500
-0.00988800
-0.01016200
-0.01025400
-0.01040600
-0.01083400
-0.01107800
-0.01138300
-0.01202400
-0.01199300
-0.01159700
-0.01095600
-0.01074200
-0.01065100
-0.01040600
-0.01059000
-0.01040600
-0.00988800
-0.00958300
-0.00967400
-0.00949100
-0.00903300
-0.00869800
-0.00799600
-0.00729400
-0.00674400
-0.00647000
-0.00598100
-0.00546300
-0.00531000
-0.00491300
-0.00463900
-0.00460800
-0.00448600
-0.00433300
-0.00396700
-0.00381500
-0.00332600
-0.00296000
-0.00274700
-0.00256300
-0.00213600
-0.00177000
-0.00137300
-0.00100700
-0.00051900
-0.00003100
0.00051900
0.00131200
0.00174000
0.00238000
0.00329600
0.00421100
0.00512700
0.00628700
0.00738500
0.00848400
0.00891100
0.00888100
0.00857500
0.00863600
0.00906400
0.00930800
0.00915500
0.00875900
0.00836200
0.00799600
0.00814800
0.00839200
0.00808700
0.00729400
0.00650000
0.00595100
0.00528000
0.00466900
0.00393700
0.00329600
0.00265500
0.00274700
0.00323500
0.00320400
0.00347900
0.00378400
0.00402800
0.00424200
0.00476100
0.00534100
0.00564600
0.00595100
0.00622600
0.00665300
0.00714100
0.00759900
0.00781300
0.00790400
0.00827000
0.00869800
0.00906400
0.00936900
0.00964400
0.00988800
0.00994900
0.00997900
0.00985700
0.00991800
0.00973500
0.00939900
0.00933800
0.00918600
0.00894200
0.00891100
0.00894200
0.00897200
0.00882000
0.00882000
0.00885000
0.00842300
0.00808700
0.00814800
0.00796500
0.00756800
0.00753800
0.00744600
0.00726300
0.00720200
0.00701900
0.00689700
0.00628700
0.00561500
0.00555400
0.00650000
0.00726300
0.00714100
0.00698900
0.00692700
0.00677500
0.00677500
0.00744600
0.00759900
0.00689700
0.00665300
0.00692700
0.00686600
0.00701900
0.00759900
0.00744600
0.00701900
0.00720200
0.00750700
0.00735500
0.00705000
0.00720200
0.00701900
0.00662200
0.00689700
0.00680500
0.00653100
0.00665300
0.00692700
0.00674400
0.00668300
0.00705000
0.00735500
0.00759900
0.00772100
0.00805700
0.00820900
0.00851400
0.00921600
0.00985700
0.01034500
0.01101700
0.01214600
0.01297000
0.01382400
0.01470900
0.01519800
0.01470900
0.01419100
0.01419100
0.01385500
0.01327500
0.01315300
0.01342800
0.01287800
0.01181000
0.01162700
0.01156600
0.01052900
0.00946000
0.00918600
0.00820900
0.00619500
0.00515700
0.00479100
0.00366200
0.00247200
0.00244100
0.00231900
0.00140400
0.00131200
0.00198400
0.00167800
0.00091600
0.00116000
0.00134300
0.00091600
0.00070200
0.00128200
0.00125100
0.00070200
0.00106800
0.00149500
0.00128200
0.00109900
0.00146500
0.00134300
0.00082400
0.00082400
0.00109900
0.00085400
0.00042700
0.00027500
0.00006100
-0.00067100
-0.00131200
-0.00152600
-0.00183100
-0.00247200
-0.00280800
-0.00283800
-0.00317400
-0.00366200
-0.00369300
-0.00366200
-0.00439500
-0.00497400
-0.00537100
-0.00607300
-0.00692700
-0.00720200
-0.00756800
-0.00827000
-0.00878900
-0.00933800
-0.01022300
-0.01083400
-0.01062000
-0.01010100
-0.01016200
-0.01046800
-0.01055900
-0.01095600
-0.01101700
-0.01074200
-0.01080300
-0.01129200
-0.01150500
-0.01150500
-0.01171900
-0.01147500
-0.01095600
-0.01098600
-0.01116900
-0.01107800
-0.01077300
-0.01086400
-0.01074200
-0.01080300
-0.01113900
-0.01159700
-0.01165800
-0.01150500
-0.01159700
-0.01150500
-0.01123000
-0.01110800
-0.01101700
-0.01065100
-0.01028400
-0.01013200
-0.00991800
-0.00946000
-0.00903300
-0.00866700
-0.00799600
-0.00723300
-0.00659200
-0.00585900
-0.00473000
-0.00384500
-0.00299100
-0.00177000
-0.00045800
0.00042700
0.00088500
0.00097700
0.00079300
0.00054900
0.00018300
-0.00003100
0.00030500
0.00051900
-0.00003100
-0.00085400
-0.00109900
-0.00112900
-0.00174000
-0.00241100
-0.00283800
-0.00393700
-0.00552400
-0.00601200
-0.00628700
-0.00714100
-0.00769000
-0.00756800
-0.00796500
-0.00866700
-0.00814800
-0.00747700
-0.00775100
-0.00802600
-0.00744600
-0.00720200
-0.00735500
-0.00698900
-0.00653100
-0.00671400
-0.00674400
-0.00622600
-0.00567600
-0.00543200
-0.00506600
-0.00451700
-0.00445600
-0.00427200
-0.00381500
-0.00344800
-0.00341800
-0.00351000
-0.00329600
-0.00335700
-0.00360100
-0.00384500
-0.00396700
-0.00421100
-0.00442500
-0.00433300
-0.00418100
-0.00412000
-0.00436400
-0.00418100
-0.00427200
-0.00473000
-0.00488300
-0.00485200
-0.00512700
-0.00540200
-0.00537100
-0.00585900
-0.00662200
-0.00683600
-0.00674400
-0.00674400
-0.00643900
-0.00579800
-0.00540200
-0.00546300
-0.00506600
-0.00442500
-0.00418100
-0.00415000
-0.00381500
-0.00369300
-0.00369300
-0.00341800
-0.00265500
-0.00231900
-0.00195300
-0.00128200
-0.00091600
-0.00058000
-0.00012200
0.00033600
0.00000000
-0.00009200
0.00018300
0.00042700
0.00048800
0.00076300
0.00082400
0.00091600
0.00097700
0.00097700
0.00116000
0.00158700
0.00216700
0.00299100
0.00381500
0.00457800
0.00585900
0.00705000
0.00827000
0.00946000
0.01107800
0.01263400
0.01425200
0.01568600
0.01757800
0.01950100
0.02142300
0.02291900
0.02322400
0.02255200
0.02117900
0.01861600
0.01525900
0.01403800
0.01342800
0.01150500
0.00952100
0.00912500
0.00872800
0.00820900
0.00848400
0.00872800
0.00830100
0.00799600
0.00759900
0.00674400
0.00680500
0.00775100
0.00808700
0.00820900
0.00933800
0.01083400
0.01226800
0.01391600
0.01538100
0.01586900
0.01617400
0.01672400
0.01632700
0.01559400
0.01556400
0.01522800
0.01406900
0.01348900
0.01373300
0.01339700
0.01309200
0.01297000
0.01202400
0.01080300
0.01019300
0.00906400
0.00744600
0.00653100
0.00589000
0.00497400
0.00448600
0.00451700
0.00457800
0.00451700
0.00454700
0.00457800
0.00421100
0.00421100
0.00424200
0.00372300
0.00351000
0.00402800
0.00396700
0.00421100
0.00485200
0.00494400
0.00363200
0.00274700
0.00250200
0.00180100
0.00033600
-0.00015300
0.00018300
0.00061000
0.00119000
0.00189200
0.00213600
0.00277700
0.00378400
0.00372300
0.00274700
0.00280800
0.00296000
0.00180100
0.00125100
0.00170900
0.00183100
0.00149500
0.00204500
0.00231900
0.00207500
0.00219700
0.00225800
0.00128200
0.00076300
0.00109900
0.00079300
0.00000000
0.00003100
0.00088500
0.00128200
0.00152600
0.00225800
0.00293000
0.00320400
0.00396700
0.00497400
0.00595100
0.00705000
0.00878900
0.01016200
0.01132200
0.01297000
0.01449600
0.01495400
0.01574700
0.01702900
0.01843300
0.01931800
0.02087400
0.02276600
0.02298000
0.02081300
0.01590000
0.00973500
0.00381500
0.00054900
-0.00231900
-0.00592000
-0.00827000
-0.00790400
-0.00802600
-0.00866700
-0.00784300
-0.00689700
-0.00775100
-0.00851400
-0.00924700
-0.00967400
-0.00854500
-0.00625600
-0.00408900
-0.00170900
0.00167800
0.00454700
0.00595100
0.00692700
0.00790400
0.00741600
0.00570700
0.00378400
0.00201400
0.00085400
0.00067100
-0.00003100
-0.00100700
-0.00146500
-0.00189200
-0.00326500
-0.00518800
-0.00683600
-0.00918600
-0.01202400
-0.01422100
-0.01559400
-0.01623500
-0.01568600
-0.01495400
-0.01449600
-0.01345800
-0.01232900
-0.01229900
-0.01303100
-0.01345800
-0.01406900
-0.01495400
-0.01501500
-0.01440400
-0.01382400
-0.01287800
-0.01150500
-0.01052900
-0.00991800
-0.00997900
-0.01153600
-0.01358000
-0.01425200
-0.01580800
-0.01925700
-0.02114900
-0.02032500
-0.01882900
-0.01806600
-0.01669300
-0.01495400
-0.01364100
-0.01303100
-0.01373300
-0.01477100
-0.01504500
-0.01528900
-0.01617400
-0.01660200
-0.01562500
-0.01406900
-0.01342800
-0.01300000
-0.01217700
-0.01178000
-0.01260400
-0.01373300
-0.01437400
-0.01467900
-0.01458700
-0.01455700
-0.01443500
-0.01361100
-0.01193200
-0.01059000
-0.01019300
-0.00949100
-0.00851400
-0.00817900
-0.00817900
-0.00756800
-0.00631700
-0.00491300
-0.00335700
-0.00103800
0.00167800
0.00442500
0.00616500
0.00723300
0.00817900
0.00927700
0.01010100
0.01031500
0.01126100
0.01379400
0.01672400
0.01699800
0.01355000
0.00778200
0.00207500
-0.00311300
-0.00647000
-0.00991800
-0.01321400
-0.01486200
-0.01443500
-0.01425200
-0.01388500
-0.01223800
-0.01132200
-0.01229900
-0.01330600
-0.01260400
-0.01123000
-0.00927700
-0.00640900
-0.00314300
0.00027500
0.00415000
0.00708000
0.00845300
0.00946000
0.01019300
0.00933800
0.00738500
0.00610400
0.00555400
0.00494400
0.00476100
0.00466900
0.00427200
0.00335700
0.00201400
0.00012200
-0.00189200
-0.00366200
-0.00585900
-0.00799600
-0.00927700
-0.00915500
-0.00827000
-0.00689700
-0.00540200
-0.00436400
-0.00344800
-0.00271600
-0.00250200
-0.00271600
-0.00277700
-0.00293000
-0.00293000
-0.00195300
0.00003100
0.00167800
0.00289900
0.00369300
0.00412000
0.00369300
0.00174000
-0.00119000
-0.00347900
-0.00503500
-0.00701900
-0.00775100
-0.00610400
-0.00473000
-0.00399800
-0.00204500
-0.00012200
0.00006100
0.00058000
0.00048800
-0.00079300
-0.00076300
0.00039700
0.00030500
0.00088500
0.00329600
0.00473000
0.00506600
0.00622600
0.00680500
0.00604200
0.00540200
0.00506600
0.00439500
0.00424200
0.00488300
0.00552400
0.00625600
0.00726300
0.00839200
0.00848400
0.00802600
0.00824000
0.00839200
0.00817900
0.00842300
0.00936900
0.01095600
0.01278700
0.01495400
0.01751700
0.01956200
0.02136200
0.02291900
0.02365100
0.02410900
0.02475000
0.02566500
0.02652000
0.02819800
0.03091400
0.03305100
0.03546100
0.03683500
0.03363000
0.02533000
0.01767000
0.01290900
0.00921600
0.00512700
0.00219700
0.00128200
0.00174000
0.00250200
0.00265500
0.00286900
0.00268600
0.00091600
-0.00183100
-0.00244100
-0.00067100
0.00195300
0.00485200
0.00833100
0.01275600
0.01693700
0.01968400
0.02056900
0.02020300
0.01959200
0.01873800
0.01687600
0.01528900
0.01553300
0.01614400
0.01620500
0.01620500
0.01617400
0.01477100
0.01239000
0.00924700
0.00561500
0.00247200
0.00012200
-0.00189200
-0.00329600
-0.00302100
-0.00155600
-0.00015300
0.00064100
0.00131200
0.00116000
0.00021400
-0.00088500
-0.00134300
-0.00164800
-0.00155600
-0.00067100
0.00070200
0.00308200
0.00528000
0.00668300
0.00677500
0.00640900
0.00436400
0.00119000
-0.00155600
-0.00286900
-0.00479100
-0.00683600
-0.00689700
-0.00570700
-0.00387600
-0.00305200
-0.00308200
-0.00384500
-0.00384500
-0.00482200
-0.00668300
-0.00741600
-0.00689700
-0.00653100
-0.00561500
-0.00387600
-0.00228900
-0.00131200
-0.00103800
-0.00170900
-0.00225800
-0.00265500
-0.00369300
-0.00470000
-0.00482200
-0.00384500
-0.00277700
-0.00201400
-0.00180100
-0.00164800
-0.00146500
-0.00225800
-0.00326500
-0.00399800
-0.00433300
-0.00430300
-0.00369300
-0.00201400
-0.00021400
0.00155600
0.00296000
0.00439500
0.00561500
0.00653100
0.00701900
0.00714100
0.00735500
0.00836200
0.00985700
0.01092500
0.01245100
0.01477100
0.01693700
0.01837200
0.02017200
0.02014200
0.01559400
0.00680500
-0.00054900
-0.00433300
-0.00650000
-0.00961300
-0.01217700
-0.01287800
-0.01272600
-0.01342800
-0.01458700
-0.01562500
-0.01754800
-0.02093500
-0.02365100
-0.02340700
-0.02087400
-0.01721200
-0.01379400
-0.01046800
-0.00692700
-0.00329600
-0.00152600
-0.00177000
-0.00244100
-0.00283800
-0.00332600
-0.00378400
-0.00262500
-0.00021400
0.00146500
0.00207500
0.00222800
0.00174000
0.00018300
-0.00286900
-0.00674400
-0.01019300
-0.01272600
-0.01409900
-0.01504500
-0.01532000
-0.01470900
-0.01373300
-0.01333600
-0.01367200
-0.01461800
-0.01596100
-0.01776100
-0.01925700
-0.01950100
-0.01858500
-0.01712000
-0.01522800
-0.01321400
-0.01065100
-0.00897200
-0.00973500
-0.01159700
-0.01196300
-0.01181000
-0.01419100
-0.01617400
-0.01474000
-0.01239000
-0.01211500
-0.01132200
-0.00967400
-0.00936900
-0.01022300
-0.01144400
-0.01348900
-0.01470900
-0.01449600
-0.01486200
-0.01541100
-0.01351900
-0.01126100
-0.01107800
-0.01110800
-0.00994900
-0.00964400
-0.01074200
-0.01156600
-0.01153600
-0.01089500
-0.01022300
-0.00903300
-0.00775100
-0.00653100
-0.00537100
-0.00491300
-0.00543200
-0.00585900
-0.00592000
-0.00656100
-0.00714100
-0.00653100
-0.00524900
-0.00399800
-0.00265500
-0.00094600
0.00091600
0.00225800
0.00289900
0.00311300
0.00363200
0.00473000
0.00592000
0.00698900
0.00839200
0.01049800
0.01278700
0.01446500
0.01580800
0.01751700
0.01940900
0.02047700
0.02188100
0.02276600
0.02056900
0.01477100
0.00915500
0.00628700
0.00561500
0.00421100
0.00152600
-0.00048800
-0.00088500
-0.00192300
-0.00436400
-0.00573700
-0.00668300
-0.00961300
-0.01251200
-0.01229900
-0.00967400
-0.00686600
-0.00445600
-0.00210600
-0.00003100
0.00231900
0.00430300
0.00512700
0.00500500
0.00558500
0.00656100
0.00738500
0.00921600
0.01263400
0.01525900
0.01593000
0.01620500
0.01669300
0.01654100
0.01535000
0.01333600
0.01113900
0.00955200
0.00851400
0.00793500
0.00769000
0.00772100
0.00756800
0.00680500
0.00564600
0.00466900
0.00351000
0.00167800
-0.00012200
-0.00097700
-0.00051900
0.00042700
0.00143400
0.00201400
0.00247200
0.00216700
0.00155600
0.00109900
0.00091600
0.00051900
0.00088500
0.00219700
0.00363200
0.00534100
0.00711100
0.00817900
0.00817900
0.00824000
0.00805700
0.00692700
0.00576800
0.00537100
0.00503500
0.00500500
0.00570700
0.00643900
0.00653100
0.00683600
0.00689700
0.00616500
0.00564600
0.00524900
0.00460800
0.00418100
0.00436400
0.00506600
0.00567600
0.00598100
0.00643900
0.00659200
0.00643900
0.00616500
0.00613400
0.00628700
0.00650000
0.00705000
0.00796500
0.00939900
0.01080300
0.01214600
0.01300000
0.01345800
0.01403800
0.01464800
0.01492300
0.01495400
0.01528900
0.01623500
0.01733400
0.01852400
0.01965300
0.02023300
0.02093500
0.02243000
0.02371200
0.02395600
0.02514600
0.02783200
0.02871700
0.02642800
0.02136200
0.01608300
0.01281700
0.01272600
0.01113900
0.00723300
0.00570700
0.00692700
0.00479100
0.00079300
0.00079300
0.00076300
-0.00466900
-0.00958300
-0.00888100
-0.00668300
-0.00637800
-0.00524900
-0.00283800
-0.00140400
-0.00042700
0.00125100
0.00204500
0.00170900
0.00198400
0.00183100
0.00116000
0.00277700
0.00677500
0.00888100
0.00866700
0.00964400
0.01129200
0.01120000
0.00997900
0.00900300
0.00772100
0.00598100
0.00451700
0.00402800
0.00433300
0.00473000
0.00372300
0.00186200
0.00070200
0.00003100
-0.00195300
-0.00473000
-0.00662200
-0.00784300
-0.00897200
-0.00933800
-0.00897200
-0.00866700
-0.00955200
-0.01116900
-0.01263400
-0.01321400
-0.01281700
-0.01318400
-0.01370200
-0.01275600
-0.01059000
-0.00933800
-0.00851400
-0.00723300
-0.00717200
-0.00814800
-0.00845300
-0.00860600
-0.00882000
-0.00900300
-0.00927700
-0.00933800
-0.00820900
-0.00695800
-0.00680500
-0.00714100
-0.00720200
-0.00738500
-0.00817900
-0.00869800
-0.00894200
-0.00930800
-0.00994900
-0.01028400
-0.01007100
-0.00994900
-0.01052900
-0.01135300
-0.01208500
-0.01248200
-0.01275600
-0.01284800
-0.01278700
-0.01245100
-0.01181000
-0.01065100
-0.00961300
-0.00860600
-0.00772100
-0.00723300
-0.00698900
-0.00650000
-0.00564600
-0.00506600
-0.00476100
-0.00402800
-0.00296000
-0.00183100
-0.00079300
-0.00003100
0.00061000
0.00146500
0.00238000
0.00289900
0.00351000
0.00473000
0.00589000
0.00714100
0.00802600
0.00793500
0.00637800
0.00323500
-0.00048800
-0.00219700
-0.00167800
-0.00283800
-0.00573700
-0.00622600
-0.00482200
-0.00656100
-0.00955200
-0.00918600
-0.00939900
-0.01403800
-0.01748700
-0.01644900
-0.01522800
-0.01611300
-0.01556400
-0.01358000
-0.01293900
-0.01312300
-0.01184100
-0.01068100
-0.01107800
-0.01123000
-0.01065100
-0.01040600
-0.00906400
-0.00604200
-0.00424200
-0.00415000
-0.00323500
-0.00143400
-0.00131200
-0.00201400
-0.00177000
-0.00134300
-0.00228900
-0.00299100
-0.00213600
-0.00116000
-0.00094600
-0.00116000
-0.00152600
-0.00228900
-0.00311300
-0.00381500
-0.00506600
-0.00619500
-0.00695800
-0.00732400
-0.00820900
-0.00964400
-0.01065100
-0.01116900
-0.01190200
-0.01287800
-0.01303100
-0.01263400
-0.01297000
-0.01336700
-0.01217700
-0.01116900
-0.01120000
-0.01065100
-0.00955200
-0.00912500
-0.00848400
-0.00759900
-0.00708000
-0.00659200
-0.00531000
-0.00445600
-0.00375400
-0.00244100
-0.00112900
-0.00088500
-0.00051900
0.00045800
0.00103800
0.00097700
0.00097700
0.00116000
0.00128200
0.00103800
0.00085400
0.00073200
0.00036600
-0.00015300
-0.00054900
-0.00061000
-0.00061000
-0.00048800
-0.00054900
-0.00042700
0.00003100
0.00036600
0.00064100
0.00097700
0.00155600
0.00189200
0.00235000
0.00268600
0.00296000
0.00363200
0.00408900
0.00463900
0.00534100
0.00610400
0.00698900
0.00766000
0.00851400
0.00903300
0.00939900
0.00979600
0.01034500
0.01083400
0.01138300
0.01190200
0.01248200
0.01318400
0.01373300
0.01443500
0.01501500
0.01547200
0.01556400
0.01574700
0.01635700
0.01654100
0.01620500
0.01586900
0.01538100
0.01464800
0.01419100
0.01440400
0.01437400
0.01376300
0.01336700
0.01361100
0.01348900
0.01251200
0.01199300
0.01199300
0.01129200
0.01043700
0.01028400
0.01059000
0.01016200
0.00973500
0.00967400
0.00949100
0.00918600
0.00872800
0.00857500
0.00805700
0.00762900
0.00762900
0.00762900
0.00753800
0.00772100
0.00820900
0.00845300
0.00817900
0.00817900
0.00839200
0.00808700
0.00778200
0.00778200
0.00778200
0.00732400
0.00711100
0.00711100
0.00683600
0.00634800
0.00622600
0.00622600
0.00579800
0.00540200
0.00515700
0.00479100
0.00415000
0.00390600
0.00399800
0.00384500
0.00335700
0.00323500
0.00341800
0.00299100
0.00277700
0.00271600
0.00256300
0.00228900
0.00213600
0.00228900
0.00228900
0.00219700
0.00222800
0.00216700
0.00216700
0.00228900
0.00228900
0.00235000
0.00228900
0.00228900
0.00228900
0.00238000
0.00238000
0.00228900
0.00228900
0.00228900
0.00219700
0.00219700
0.00222800
0.00207500
0.00207500
0.00219700
0.00216700
0.00216700
0.00216700
0.00222800
0.00213600
0.00180100
0.00167800
0.00164800
0.00158700
0.00155600
0.00146500
0.00149500
0.00146500
0.00149500
0.00140400
0.00146500
0.00134300
0.00149500
0.00137300
0.00131200
0.00146500
0.00149500
0.00146500
0.00131200
0.00131200
0.00137300
0.00137300
0.00134300
0.00137300
0.00146500
0.00134300
0.00116000
0.00119000
0.00119000
0.00109900
0.00079300
0.00091600
0.00091600
0.00082400
0.00070200
0.00079300
0.00070200
0.00045800
0.00042700
0.00015300
0.00003100
-0.00012200
-0.00024400
-0.00054900
-0.00088500
-0.00094600
-0.00128200
-0.00161700
-0.00186200
-0.00228900
-0.00250200
-0.00286900
-0.00320400
-0.00354000
-0.00399800
-0.00433300
-0.00466900
-0.00515700
-0.00576800
-0.00625600
-0.00668300
-0.00714100
-0.00744600
-0.00787400
-0.00836200
-0.00882000
-0.00921600
-0.00939900
-0.00988800
-0.01037600
-0.01080300
-0.01110800
-0.01144400
-0.01162700
-0.01181000
-0.01205400
-0.01205400
-0.01226800
-0.01232900
-0.01229900
-0.01236000
-0.01254300
-0.01269500
-0.01278700
-0.01284800
-0.01263400
-0.01251200
-0.01254300
-0.01229900
-0.01205400
-0.01190200
-0.01174900
-0.01156600
-0.01138300
-0.01135300
-0.01123000
-0.01080300
-0.01059000
-0.01019300
-0.00997900
-0.00967400
-0.00952100
-0.00949100
-0.00933800
-0.00933800
-0.00915500
-0.00909400
-0.00909400
-0.00897200
-0.00878900
-0.00857500
-0.00854500
-0.00869800
-0.00872800
-0.00863600
-0.00854500
-0.00839200
-0.00827000
-0.00811800
-0.00790400
-0.00784300
-0.00772100
-0.00747700
-0.00720200
-0.00711100
-0.00695800
-0.00665300
-0.00634800
-0.00607300
-0.00592000
-0.00573700
-0.00546300
-0.00515700
-0.00485200
-0.00457800
-0.00427200
-0.00381500
-0.00366200
-0.00347900
-0.00323500
-0.00311300
-0.00293000
-0.00277700
-0.00259400
-0.00225800
-0.00195300
-0.00186200
-0.00167800
-0.00152600
-0.00149500
-0.00143400
-0.00140400
-0.00131200
-0.00128200
-0.00094600
-0.00085400
-0.00054900
-0.00024400
-0.00006100
0.00009200
0.00030500
0.00042700
0.00048800
0.00054900
0.00064100
0.00076300
0.00079300
0.00100700
0.00134300
0.00170900
0.00186200
0.00189200
0.00204500
0.00219700
0.00216700
0.00219700
0.00219700
0.00210600
0.00213600
0.00228900
0.00235000
0.00250200
0.00265500
0.00262500
0.00262500
0.00262500
0.00256300
0.00228900
0.00231900
0.00235000
0.00238000
0.00259400
0.00265500
0.00274700
0.00283800
0.00265500
0.00235000
0.00247200
0.00259400
0.00274700
0.00289900
0.00305200
0.00332600
0.00347900
0.00387600
0.00412000
0.00430300
0.00466900
0.00482200
0.00503500
0.00524900
0.00534100
0.00552400
0.00570700
0.00595100
0.00631700
0.00665300
0.00698900
0.00735500
0.00756800
0.00784300
0.00802600
0.00802600
0.00827000
0.00842300
0.00848400
0.00860600
0.00875900
0.00891100
0.00924700
0.00936900
0.00955200
0.00961300
0.00955200
0.00952100
0.00958300
0.00961300
0.00973500
0.00991800
0.00988800
0.00988800
0.01001000
0.01004000
0.01022300
0.01022300
0.01004000
0.00985700
0.00979600
0.00982700
0.00976600
0.00973500
0.00970500
0.00985700
0.00997900
0.01013200
0.01016200
0.01016200
0.01010100
0.00994900
0.01001000
0.00988800
0.00979600
0.00982700
0.00976600
0.00976600
0.00988800
0.00985700
0.00964400
0.00967400
0.00967400
0.00961300
0.00946000
0.00927700
0.00918600
0.00912500
0.00918600
0.00927700
0.00918600
0.00912500
0.00909400
0.00903300
0.00900300
0.00885000
0.00869800
0.00857500
0.00848400
0.00845300
0.00848400
0.00845300
0.00842300
0.00842300
0.00827000
0.00817900
0.00802600
0.00787400
0.00766000
0.00741600
0.00723300
0.00695800
0.00677500
0.00662200
0.00634800
0.00631700
0.00616500
0.00589000
0.00552400
0.00537100
0.00503500
0.00485200
0.00463900
0.00442500
0.00439500
0.00433300
0.00418100
0.00390600
0.00369300
0.00344800
0.00305200
0.00265500
0.00244100
0.00225800
0.00204500
0.00177000
0.00167800
0.00164800
0.00155600
0.00143400
0.00119000
0.00103800
0.00088500
0.00064100
0.00045800
0.00039700
0.00027500
0.00018300
0.00000000
-0.00018300
-0.00036600
-0.00045800
-0.00058000
-0.00082400
-0.00097700
-0.00119000
-0.00152600
-0.00155600
-0.00161700
-0.00167800
-0.00174000
-0.00189200
-0.00192300
-0.00192300
-0.00189200
-0.00201400
-0.00238000
-0.00241100
-0.00247200
-0.00283800
-0.00296000
-0.00317400
-0.00329600
-0.00347900
-0.00372300
-0.00399800
-0.00424200
-0.00451700
-0.00482200
-0.00518800
-0.00546300
-0.00573700
-0.00610400
-0.00625600
-0.00628700
-0.00653100
-0.00674400
-0.00695800
-0.00729400
-0.00769000
-0.00796500
-0.00827000
-0.00842300
-0.00863600
-0.00869800
-0.00872800
-0.00900300
-0.00915500
-0.00939900
-0.00967400
-0.00985700
-0.01007100
-0.01037600
-0.01049800
-0.01055900
-0.01062000
-0.01071200
-0.01071200
-0.01071200
-0.01049800
-0.01040600
-0.01040600
-0.01040600
-0.01052900
-0.01055900
-0.01049800
-0.01031500
-0.01013200
-0.01001000
-0.00976600
-0.00958300
-0.00939900
-0.00927700
-0.00912500
-0.00897200
-0.00906400
-0.00903300
-0.00885000
-0.00878900
-0.00875900
-0.00860600
-0.00848400
-0.00845300
-0.00833100
-0.00830100
-0.00833100
-0.00836200
-0.00842300
-0.00851400
-0.00857500
-0.00854500
-0.00845300
-0.00842300
-0.00833100
-0.00845300
-0.00860600
-0.00848400
-0.00854500
-0.00857500
-0.00866700
-0.00851400
-0.00845300
-0.00817900
-0.00802600
-0.00802600
-0.00787400
-0.00769000
-0.00744600
-0.00741600
-0.00732400
-0.00701900
-0.00692700
-0.00680500
-0.00677500
-0.00659200
-0.00643900
-0.00631700
-0.00616500
-0.00592000
-0.00570700
-0.00546300
-0.00537100
-0.00521900
-0.00509600
-0.00503500
-0.00497400
-0.00482200
-0.00457800
-0.00451700
-0.00442500
-0.00427200
-0.00415000
-0.00418100
-0.00408900
-0.00396700
-0.00384500
-0.00378400
-0.00372300
-0.00363200
-0.00341800
-0.00329600
-0.00308200
-0.00296000
-0.00268600
-0.00231900
-0.00216700
-0.00207500
-0.00201400
-0.00177000
-0.00161700
-0.00149500
-0.00137300
-0.00116000
-0.00079300
-0.00061000
-0.00045800
-0.00033600
-0.00033600
-0.00024400
-0.00009200
0.00009200
0.00030500
0.00051900
0.00073200
0.00088500
0.00097700
0.00112900
0.00131200
0.00140400
0.00149500
0.00149500
0.00140400
0.00143400
0.00143400
0.00161700
0.00180100
0.00195300
0.00216700
0.00207500
0.00228900
0.00256300
0.00283800
0.00326500
0.00366200
0.00393700
0.00433300
0.00466900
0.00500500
0.00546300
0.00582900
0.00613400
0.00640900
0.00674400
0.00701900
0.00738500
0.00766000
0.00796500
0.00836200
0.00863600
0.00897200
0.00930800
0.00949100
0.00985700
0.01016200
0.01037600
0.01049800
0.01065100
0.01077300
0.01080300
0.01086400
0.01077300
0.01089500
0.01107800
0.01120000
0.01120000
0.01120000
0.01120000
0.01120000
0.01126100
0.01116900
0.01113900
0.01110800
0.01098600
0.01101700
0.01104700
0.01110800
0.01113900
0.01107800
0.01092500
0.01098600
0.01074200
0.01049800
0.01040600
0.01025400
0.01013200
0.01010100
0.01019300
0.01019300
0.01019300
0.01013200
0.01010100
0.01004000
0.00985700
0.00970500
0.00973500
0.00985700
0.00991800
0.00997900
0.00997900
0.00988800
0.00982700
0.00970500
0.00958300
0.00964400
0.00933800
0.00912500
0.00906400
0.00897200
0.00900300
0.00888100
0.00885000
0.00872800
0.00860600
0.00836200
0.00824000
0.00793500
0.00778200
0.00762900
0.00744600
0.00738500
0.00723300
0.00708000
0.00689700
0.00674400
0.00662200
0.00643900
0.00628700
0.00610400
0.00589000
0.00573700
0.00561500
0.00537100
0.00518800
0.00503500
0.00509600
0.00491300
0.00479100
0.00476100
0.00454700
0.00445600
0.00427200
0.00421100
0.00405900
0.00387600
0.00372300
0.00360100
0.00357100
0.00351000
0.00344800
0.00341800
0.00335700
0.00323500
0.00308200
0.00289900
0.00271600
0.00274700
0.00256300
0.00241100
0.00222800
0.00210600
0.00210600
0.00192300
0.00180100
0.00155600
0.00143400
0.00122100
0.00106800
0.00097700
0.00079300
0.00070200
0.00058000
0.00061000
0.00064100
0.00058000
0.00030500
0.00018300
0.00003100
-0.00012200
-0.00030500
-0.00048800
-0.00064100
-0.00085400
-0.00091600
-0.00106800
-0.00091600
-0.00094600
-0.00109900
-0.00106800
-0.00134300
-0.00164800
-0.00207500
-0.00244100
-0.00277700
-0.00302100
-0.00326500
-0.00347900
-0.00378400
-0.00408900
-0.00445600
-0.00482200
-0.00521900
-0.00561500
-0.00589000
-0.00628700
-0.00677500
-0.00714100
-0.00738500
-0.00766000
-0.00802600
-0.00827000
-0.00857500
-0.00891100
-0.00936900
-0.00964400
-0.00970500
-0.00985700
-0.00991800
-0.01007100
-0.01022300
-0.01025400
-0.01022300
-0.01034500
-0.01049800
-0.01059000
-0.01068100
-0.01080300
-0.01083400
-0.01080300
-0.01086400
-0.01071200
-0.01071200
-0.01077300
-0.01077300
-0.01077300
-0.01074200
-0.01068100
-0.01062000
-0.01065100
-0.01052900
-0.01043700
-0.01043700
-0.01034500
-0.01019300
-0.01004000
-0.01001000
-0.01001000
-0.01004000
-0.01001000
-0.01004000
-0.00988800
-0.00985700
-0.00964400
-0.00958300
-0.00958300
-0.00961300
-0.00952100
-0.00955200
-0.00952100
-0.00955200
-0.00952100
-0.00939900
-0.00930800
-0.00921600
-0.00909400
-0.00903300
-0.00912500
-0.00915500
-0.00912500
-0.00891100
-0.00882000
-0.00863600
-0.00836200
-0.00824000
-0.00808700
-0.00787400
-0.00787400
-0.00762900
-0.00735500
-0.00708000
-0.00698900
-0.00674400
-0.00656100
-0.00643900
-0.00613400
-0.00595100
-0.00582900
-0.00561500
-0.00543200
-0.00518800
-0.00506600
-0.00491300
-0.00479100
-0.00466900
-0.00448600
-0.00430300
-0.00421100
-0.00415000
-0.00396700
-0.00399800
-0.00387600
-0.00369300
-0.00360100
-0.00357100
-0.00332600
-0.00314300
-0.00314300
-0.00293000
-0.00283800
-0.00280800
-0.00271600
-0.00262500
-0.00241100
-0.00225800
-0.00210600
-0.00192300
-0.00183100
-0.00167800
-0.00152600
-0.00134300
-0.00137300
-0.00125100
-0.00106800
-0.00094600
-0.00088500
-0.00091600
-0.00079300
-0.00061000
-0.00045800
-0.00039700
-0.00039700
-0.00027500
-0.00012200
0.00003100
0.00012200
0.00018300
0.00030500
0.00036600
0.00058000
0.00067100
0.00073200
0.00091600
0.00106800
0.00122100
0.00125100
0.00146500
0.00161700
0.00180100
0.00167800
0.00158700
0.00186200
0.00219700
0.00238000
0.00265500
0.00299100
0.00326500
0.00354000
0.00369300
0.00402800
0.00433300
0.00473000
0.00509600
0.00537100
0.00567600
0.00604200
0.00631700
0.00659200
0.00680500
0.00708000
0.00738500
0.00753800
0.00775100
0.00802600
0.00836200
0.00857500
0.00866700
0.00885000
0.00900300
0.00903300
0.00921600
0.00930800
0.00943000
0.00955200
0.00958300
0.00964400
0.00970500
0.00988800
0.00997900
0.00997900
0.01001000
0.01001000
0.01010100
0.01019300
0.01010100
0.01007100
0.01019300
0.01013200
0.01028400
0.01028400
0.01016200
0.01025400
0.01022300
0.01016200
0.01022300
0.01025400
0.01031500
0.01031500
0.01037600
0.01052900
0.01059000
0.01046800
0.01049800
0.01043700
0.01040600
0.01034500
0.01028400
0.01031500
0.01025400
0.01028400
0.01022300
0.01007100
0.01004000
0.00997900
0.00985700
0.00976600
0.00958300
0.00946000
0.00933800
0.00915500
0.00909400
0.00894200
0.00866700
0.00848400
0.00830100
0.00814800
0.00808700
0.00790400
0.00781300
0.00784300
0.00772100
0.00750700
0.00741600
0.00732400
0.00705000
0.00686600
0.00671400
0.00650000
0.00634800
0.00628700
0.00619500
0.00604200
0.00585900
0.00570700
0.00558500
0.00528000
0.00515700
0.00494400
0.00476100
0.00470000
0.00457800
0.00466900
0.00457800
0.00445600
0.00436400
0.00424200
0.00399800
0.00372300
0.00357100
0.00344800
0.00320400
0.00308200
0.00296000
0.00271600
0.00256300
0.00247200
0.00228900
0.00213600
0.00183100
0.00164800
0.00143400
0.00131200
0.00112900
0.00097700
0.00088500
0.00070200
0.00051900
0.00030500
0.00015300
-0.00006100
-0.00015300
-0.00036600
-0.00045800
-0.00051900
-0.00073200
-0.00076300
-0.00082400
-0.00097700
-0.00097700
-0.00094600
-0.00100700
-0.00109900
-0.00116000
-0.00125100
-0.00137300
-0.00155600
-0.00152600
-0.00161700
-0.00152600
-0.00155600
-0.00180100
-0.00207500
-0.00216700
-0.00235000
-0.00265500
-0.00299100
-0.00332600
-0.00360100
-0.00381500
-0.00405900
-0.00424200
-0.00448600
-0.00476100
-0.00500500
-0.00531000
-0.00558500
-0.00576800
-0.00607300
-0.00631700
-0.00653100
-0.00680500
-0.00695800
-0.00708000
-0.00732400
-0.00753800
-0.00759900
-0.00762900
-0.00772100
-0.00787400
-0.00808700
-0.00824000
-0.00842300
-0.00857500
-0.00872800
-0.00875900
-0.00869800
-0.00882000
-0.00891100
-0.00900300
-0.00903300
-0.00909400
-0.00930800
-0.00930800
-0.00939900
-0.00933800
-0.00936900
-0.00927700
-0.00936900
-0.00933800
-0.00930800
-0.00924700
-0.00903300
-0.00903300
-0.00903300
-0.00900300
-0.00891100
-0.00885000
-0.00888100
-0.00878900
-0.00863600
-0.00869800
-0.00866700
-0.00866700
-0.00860600
-0.00860600
-0.00863600
-0.00866700
-0.00866700
-0.00869800
-0.00872800
-0.00845300
-0.00833100
-0.00827000
-0.00814800
-0.00811800
-0.00799600
-0.00808700
-0.00820900
-0.00811800
-0.00802600
-0.00796500
-0.00790400
-0.00778200
-0.00772100
-0.00753800
-0.00741600
-0.00726300
-0.00732400
-0.00717200
-0.00708000
-0.00714100
-0.00708000
-0.00698900
-0.00671400
-0.00659200
-0.00650000
-0.00631700
-0.00628700
-0.00613400
-0.00598100
-0.00598100
-0.00595100
-0.00582900
-0.00573700
-0.00567600
-0.00552400
-0.00543200
-0.00528000
-0.00515700
-0.00509600
-0.00491300
-0.00470000
-0.00463900
-0.00463900
-0.00445600
-0.00436400
-0.00424200
-0.00396700
-0.00366200
-0.00357100
-0.00341800
-0.00341800
-0.00326500
-0.00305200
-0.00296000
-0.00289900
-0.00262500
-0.00244100
-0.00228900
-0.00201400
-0.00174000
-0.00152600
-0.00149500
-0.00131200
-0.00109900
-0.00091600
-0.00085400
-0.00054900
-0.00039700
-0.00027500
0.00000000
0.00006100
0.00015300
0.00036600
0.00048800
0.00058000
0.00088500
0.00109900
0.00109900
0.00119000
0.00134300
0.00143400
0.00152600
0.00167800
0.00189200
0.00201400
0.00231900
0.00253300
0.00256300
0.00247200
0.00265500
0.00302100
0.00338700
0.00369300
0.00408900
0.00430300
0.00451700
0.00494400
0.00518800
0.00552400
0.00592000
0.00607300
0.00628700
0.00653100
0.00674400
0.00711100
0.00747700
0.00772100
0.00799600
0.00830100
0.00860600
0.00888100
0.00906400
0.00936900
0.00949100
0.00958300
0.00970500
0.00994900
0.01010100
0.01022300
0.01031500
0.01037600
0.01043700
0.01052900
0.01055900
0.01065100
0.01071200
0.01080300
0.01092500
0.01101700
0.01092500
0.01083400
0.01089500
0.01089500
0.01083400
0.01080300
0.01074200
0.01074200
0.01062000
0.01046800
0.01037600
0.01031500
0.01022300
0.01019300
0.01007100
0.01001000
0.00994900
0.00979600
0.00970500
0.00970500
0.00958300
0.00939900
0.00936900
0.00936900
0.00927700
0.00924700
0.00930800
0.00927700
0.00921600
0.00912500
0.00915500
0.00906400
0.00894200
0.00888100
0.00869800
0.00866700
0.00854500
0.00833100
0.00839200
0.00817900
0.00802600
0.00787400
0.00762900
0.00747700
0.00738500
0.00735500
0.00726300
0.00711100
0.00698900
0.00689700
0.00680500
0.00674400
0.00668300
0.00650000
0.00634800
0.00625600
0.00619500
0.00607300
0.00610400
0.00598100
0.00576800
0.00570700
0.00558500
0.00543200
0.00524900
0.00506600
0.00503500
0.00485200
0.00482200
0.00476100
0.00466900
0.00457800
0.00430300
0.00415000
0.00399800
0.00384500
0.00375400
0.00372300
0.00369300
0.00347900
0.00344800
0.00329600
0.00311300
0.00302100
0.00289900
0.00280800
0.00268600
0.00265500
0.00259400
0.00235000
0.00213600
0.00189200
0.00180100
0.00174000
0.00164800
0.00140400
0.00137300
0.00125100
0.00100700
0.00103800
0.00079300
0.00061000
0.00058000
0.00045800
0.00024400
0.00009200
-0.00009200
-0.00027500
-0.00045800
-0.00051900
-0.00067100
-0.00076300
-0.00100700
-0.00122100
-0.00134300
-0.00143400
-0.00131200
-0.00134300
-0.00122100
-0.00140400
-0.00170900
-0.00207500
-0.00235000
-0.00262500
-0.00311300
-0.00351000
-0.00387600
-0.00408900
-0.00433300
-0.00466900
-0.00488300
-0.00512700
-0.00555400
-0.00573700
-0.00610400
-0.00634800
-0.00662200
-0.00692700
-0.00726300
-0.00759900
-0.00787400
-0.00811800
-0.00836200
-0.00863600
-0.00878900
-0.00891100
-0.00912500
-0.00933800
-0.00958300
-0.00964400
-0.00967400
-0.00973500
-0.00988800
-0.01001000
-0.01007100
-0.01022300
-0.01028400
-0.01019300
-0.01019300
-0.01022300
-0.01019300
-0.01025400
-0.01031500
-0.01028400
-0.01034500
-0.01040600
-0.01046800
-0.01037600
-0.01022300
-0.01016200
-0.01004000
-0.00994900
-0.00997900
-0.00997900
-0.00994900
-0.00991800
-0.00973500
-0.00970500
-0.00964400
-0.00952100
-0.00943000
-0.00930800
-0.00933800
-0.00924700
-0.00909400
-0.00900300
-0.00900300
-0.00897200
-0.00894200
-0.00875900
-0.00872800
-0.00866700
-0.00866700
-0.00863600
-0.00851400
-0.00845300
-0.00848400
-0.00872800
-0.00872800
-0.00863600
-0.00839200
-0.00830100
-0.00814800
-0.00793500
-0.00778200
-0.00756800
-0.00750700
-0.00735500
-0.00732400
-0.00726300
-0.00720200
-0.00711100
-0.00695800
-0.00680500
-0.00668300
-0.00659200
-0.00631700
-0.00619500
-0.00607300
-0.00598100
-0.00585900
-0.00573700
-0.00564600
-0.00540200
-0.00531000
-0.00503500
-0.00494400
-0.00473000
-0.00460800
-0.00460800
-0.00436400
-0.00439500
-0.00421100
-0.00412000
-0.00387600
-0.00372300
-0.00347900
-0.00329600
-0.00317400
-0.00293000
-0.00289900
-0.00280800
-0.00268600
-0.00259400
-0.00250200
-0.00219700
-0.00207500
-0.00195300
-0.00180100
-0.00170900
-0.00158700
-0.00149500
-0.00146500
-0.00137300
-0.00116000
-0.00097700
-0.00082400
-0.00076300
-0.00067100
-0.00051900
-0.00039700
-0.00024400
-0.00012200
-0.00003100
0.00009200
0.00024400
0.00045800
0.00048800
0.00051900
0.00076300
0.00088500
0.00097700
0.00106800
0.00112900
0.00128200
0.00140400
0.00158700
0.00195300
0.00186200
0.00204500
0.00238000
0.00268600
0.00289900
0.00317400
0.00326500
0.00351000
0.00360100
0.00384500
0.00006100
-0.00442500
-0.00405900
-0.00341800
-0.00320400
-0.00012200
0.00555400
0.00796500
0.00918600
0.01110800
0.01171900
0.00939900
0.00674400
0.00680500
0.00701900
0.00778200
0.01037600
0.01315300
0.01446500
0.01559400
0.01553300
0.01321400
0.01187100
0.01065100
0.00851400
0.00732400
0.00857500
0.01049800
0.01144400
0.01260400
0.01385500
0.01413000
0.01220700
0.01083400
0.01028400
0.00915500
0.00833100
0.00897200
0.00994900
0.01101700
0.01236000
0.01275600
0.01272600
0.01226800
0.01165800
0.01031500
0.00976600
0.00973500
0.00991800
0.00991800
0.01037600
0.01129200
0.01205400
0.01178000
0.01147500
0.01153600
0.01055900
0.00979600
0.00970500
0.00994900
0.01004000
0.01046800
0.01046800
0.01092500
0.01141400
0.01104700
0.01059000
0.00994900
0.00967400
0.00875900
0.00845300
0.00869800
0.00869800
0.00854500
0.00836200
0.00860600
0.00796500
0.00772100
0.00732400
0.00674400
0.00613400
0.00637800
0.00647000
0.00616500
0.00683600
0.00732400
0.00717200
0.00677500
0.00677500
0.00653100
0.00595100
0.00549300
0.00540200
0.00512700
0.00524900
0.00524900
0.00537100
0.00555400
0.00570700
0.00543200
0.00473000
0.00451700
0.00408900
0.00396700
0.00360100
0.00415000
0.00412000
0.00442500
0.00460800
0.00451700
0.00421100
0.00384500
0.00329600
0.00289900
0.00308200
0.00274700
0.00277700
0.00293000
0.00323500
0.00299100
0.00283800
0.00289900
0.00262500
0.00201400
0.00222800
0.00189200
0.00170900
0.00195300
0.00192300
0.00167800
0.00177000
0.00201400
0.00125100
0.00097700
0.00128200
0.00103800
0.00073200
0.00036600
0.00076300
0.00048800
0.00021400
0.00027500
0.00021400
-0.00006100
-0.00018300
0.00006100
-0.00076300
-0.00045800
-0.00039700
-0.00036600
-0.00070200
-0.00103800
-0.00143400
-0.00174000
-0.00207500
-0.00247200
-0.00305200
-0.00329600
-0.00344800
-0.00378400
-0.00396700
-0.00439500
-0.00463900
-0.00506600
-0.00537100
-0.00582900
-0.00613400
-0.00659200
-0.00686600
-0.00717200
-0.00759900
-0.00762900
-0.00778200
-0.00824000
-0.00839200
-0.00885000
-0.00891100
-0.00955200
-0.00964400
-0.00973500
-0.00979600
-0.01001000
-0.00994900
-0.00982700
-0.01007100
-0.01013200
-0.01028400
-0.01052900
-0.01071200
-0.01065100
-0.01107800
-0.01120000
-0.01092500
-0.01083400
-0.01089500
-0.01059000
-0.01046800
-0.01052900
-0.01077300
-0.01080300
-0.01101700
-0.01098600
-0.01101700
-0.01077300
-0.01062000
-0.01031500
-0.01025400
-0.01028400
-0.01025400
-0.01019300
-0.01046800
-0.01016200
-0.01013200
-0.01016200
-0.00964400
-0.00961300
-0.00949100
-0.00915500
-0.00869800
-0.00900300
-0.00882000
-0.00857500
-0.00836200
-0.00866700
-0.00833100
-0.00830100
-0.00802600
-0.00778200
-0.00741600
-0.00732400
-0.00705000
-0.00671400
-0.00683600
-0.00686600
-0.00640900
-0.00601200
-0.00601200
-0.00564600
-0.00497400
-0.00500500
-0.00470000
-0.00439500
-0.00430300
-0.00418100
-0.00531000
-0.00631700
-0.00662200
-0.00653100
-0.00708000
-0.00616500
-0.00485200
-0.00363200
-0.00341800
-0.00293000
-0.00247200
-0.00283800
-0.00418100
-0.00470000
-0.00451700
-0.00448600
-0.00384500
-0.00299100
-0.00244100
-0.00177000
-0.00180100
-0.00283800
-0.00326500
-0.00347900
-0.00439500
-0.00515700
-0.00479100
-0.00424200
-0.00372300
-0.00329600
-0.00280800
-0.00244100
-0.00286900
-0.00341800
-0.00360100
-0.00384500
-0.00378400
-0.00351000
-0.00338700
-0.00271600
-0.00167800
-0.00128200
-0.00103800
-0.00079300
-0.00094600
-0.00134300
-0.00128200
-0.00116000
-0.00100700
-0.00073200
-0.00058000
-0.00015300
0.00021400
0.00018300
0.00003100
-0.00015300
-0.00039700
-0.00033600
-0.00036600
-0.00033600
-0.00006100
0.00009200
0.00015300
0.00021400
0.00079300
0.00070200
0.00058000
0.00067100
0.00085400
0.00119000
0.00155600
0.00204500
0.00238000
0.00289900
0.00323500
0.00375400
0.00418100
0.00482200
0.00540200
0.00579800
0.00647000
0.00671400
0.00717200
0.00769000
0.00817900
0.00866700
0.00918600
0.00982700
0.01010100
0.01071200
0.01123000
0.01174900
0.01184100
0.01232900
0.01293900
0.01342800
0.01388500
0.01422100
0.01489300
0.01538100
0.01623500
0.01684600
0.01721200
0.01770000
0.01825000
0.01849400
0.01785300
0.01599100
0.01428200
0.01416000
0.01455700
0.01382400
0.01303100
0.01355000
0.01336700
0.01153600
0.01059000
0.01071200
0.00955200
0.00735500
0.00616500
0.00610400
0.00607300
0.00622600
0.00656100
0.00656100
0.00601200
0.00567600
0.00549300
0.00528000
0.00552400
0.00589000
0.00555400
0.00570700
0.00698900
0.00857500
0.00912500
0.00933800
0.00979600
0.00979600
0.00955200
0.00964400
0.01019300
0.01059000
0.01040600
0.01022300
0.01059000
0.01083400
0.01077300
0.01025400
0.00961300
0.00903300
0.00845300
0.00778200
0.00747700
0.00723300
0.00686600
0.00634800
0.00564600
0.00537100
0.00524900
0.00460800
0.00378400
0.00332600
0.00293000
0.00250200
0.00219700
0.00219700
0.00228900
0.00216700
0.00201400
0.00170900
0.00134300
0.00155600
0.00210600
0.00170900
0.00085400
0.00073200
0.00152600
0.00155600
0.00131200
0.00167800
0.00183100
0.00131200
0.00091600
0.00128200
0.00140400
0.00085400
0.00042700
0.00039700
0.00033600
0.00054900
0.00064100
0.00015300
-0.00027500
-0.00030500
-0.00097700
-0.00158700
-0.00128200
-0.00119000
-0.00222800
-0.00268600
-0.00201400
-0.00192300
-0.00235000
-0.00238000
-0.00225800
-0.00265500
-0.00271600
-0.00244100
-0.00247200
-0.00228900
-0.00207500
-0.00198400
-0.00180100
-0.00106800
-0.00061000
-0.00091600
-0.00091600
-0.00042700
-0.00045800
-0.00033600
0.00027500
0.00079300
0.00125100
0.00180100
0.00210600
0.00216700
0.00225800
0.00256300
0.00265500
0.00271600
0.00320400
0.00357100
0.00366200
0.00341800
0.00256300
0.00134300
0.00061000
-0.00006100
-0.00112900
-0.00219700
-0.00280800
-0.00366200
-0.00466900
-0.00534100
-0.00598100
-0.00723300
-0.00891100
-0.01013200
-0.01135300
-0.01217700
-0.01248200
-0.01272600
-0.01312300
-0.01345800
-0.01321400
-0.01315300
-0.01339700
-0.01324500
-0.01327500
-0.01348900
-0.01333600
-0.01272600
-0.01196300
-0.01126100
-0.01049800
-0.00985700
-0.00912500
-0.00854500
-0.00787400
-0.00738500
-0.00732400
-0.00729400
-0.00708000
-0.00674400
-0.00631700
-0.00598100
-0.00589000
-0.00598100
-0.00625600
-0.00653100
-0.00680500
-0.00723300
-0.00790400
-0.00848400
-0.00906400
-0.00946000
-0.00970500
-0.00997900
-0.01028400
-0.01089500
-0.01138300
-0.01171900
-0.01217700
-0.01245100
-0.01315300
-0.01385500
-0.01406900
-0.01413000
-0.01449600
-0.01409900
-0.01406900
-0.01501500
-0.01516700
-0.01355000
-0.01297000
-0.01361100
-0.01272600
-0.01162700
-0.01193200
-0.01144400
-0.00997900
-0.01004000
-0.01037600
-0.00955200
-0.00918600
-0.00918600
-0.00820900
-0.00756800
-0.00842300
-0.00833100
-0.00692700
-0.00714100
-0.00759900
-0.00668300
-0.00643900
-0.00735500
-0.00701900
-0.00592000
-0.00613400
-0.00640900
-0.00579800
-0.00567600
-0.00582900
-0.00491300
-0.00405900
-0.00415000
-0.00344800
-0.00222800
-0.00174000
-0.00088500
0.00058000
0.00143400
0.00207500
0.00314300
0.00442500
0.00540200
0.00686600
0.00824000
0.00946000
0.01104700
0.01147500
0.00961300
0.00805700
0.00805700
0.00711100
0.00497400
0.00439500
0.00454700
0.00280800
0.00091600
0.00070200
0.00021400
-0.00195300
-0.00421100
-0.00579800
-0.00726300
-0.00836200
-0.00833100
-0.00827000
-0.00842300
-0.00793500
-0.00744600
-0.00741600
-0.00671400
-0.00543200
-0.00518800
-0.00540200
-0.00445600
-0.00247200
-0.00073200
0.00073200
0.00241100
0.00415000
0.00497400
0.00595100
0.00729400
0.00845300
0.00912500
0.00921600
0.00961300
0.01028400
0.01101700
0.01138300
0.01147500
0.01104700
0.01052900
0.01016200
0.00943000
0.00863600
0.00784300
0.00689700
0.00576800
0.00470000
0.00448600
0.00433300
0.00354000
0.00259400
0.00231900
0.00201400
0.00131200
0.00103800
0.00134300
0.00137300
0.00146500
0.00225800
0.00308200
0.00396700
0.00488300
0.00570700
0.00616500
0.00692700
0.00817900
0.00903300
0.00973500
0.01065100
0.01150500
0.01205400
0.01217700
0.01199300
0.01162700
0.01138300
0.01095600
0.00943000
0.00778200
0.00729400
0.00750700
0.00613400
0.00470000
0.00488300
0.00476100
0.00326500
0.00228900
0.00274700
0.00231900
0.00112900
0.00100700
0.00103800
0.00094600
0.00140400
0.00167800
0.00155600
0.00222800
0.00317400
0.00299100
0.00293000
0.00451700
0.00531000
0.00515700
0.00634800
0.00824000
0.00863600
0.00872800
0.00970500
0.01016200
0.01016200
0.01059000
0.01083400
0.01080300
0.01135300
0.01202400
0.01217700
0.01281700
0.01409900
0.01477100
0.01492300
0.01580800
0.01684600
0.01754800
0.01840200
0.02038600
0.02166700
0.02093500
0.01760900
0.01293900
0.01016200
0.01019300
0.00930800
0.00643900
0.00537100
0.00585900
0.00433300
0.00158700
0.00164800
0.00140400
-0.00241100
-0.00650000
-0.00738500
-0.00668300
-0.00604200
-0.00503500
-0.00424200
-0.00375400
-0.00271600
-0.00152600
-0.00128200
-0.00079300
0.00015300
-0.00042700
-0.00122100
0.00076300
0.00439500
0.00604200
0.00650000
0.00744600
0.00857500
0.00885000
0.00869800
0.00882000
0.00851400
0.00747700
0.00598100
0.00561500
0.00637800
0.00680500
0.00585900
0.00427200
0.00308200
0.00204500
0.00088500
-0.00076300
-0.00262500
-0.00427200
-0.00552400
-0.00653100
-0.00689700
-0.00616500
-0.00622600
-0.00747700
-0.00851400
-0.00830100
-0.00814800
-0.00848400
-0.00808700
-0.00772100
-0.00747700
-0.00677500
-0.00543200
-0.00427200
-0.00338700
-0.00311300
-0.00347900
-0.00378400
-0.00314300
-0.00311300
-0.00396700
-0.00390600
-0.00299100
-0.00317400
-0.00360100
-0.00299100
-0.00393700
-0.00622600
-0.00732400
-0.00799600
-0.00988800
-0.01104700
-0.01147500
-0.01327500
-0.01422100
-0.01336700
-0.01376300
-0.01510600
-0.01492300
-0.01504500
-0.01663200
-0.01647900
-0.01550300
-0.01608300
-0.01641800
-0.01510600
-0.01446500
-0.01437400
-0.01293900
-0.01205400
-0.01242100
-0.01181000
-0.01059000
-0.01052900
-0.01019300
-0.00888100
-0.00833100
-0.00814800
-0.00695800
-0.00589000
-0.00576800
-0.00521900
-0.00433300
-0.00408900
-0.00372300
-0.00271600
-0.00222800
-0.00195300
-0.00067100
0.00051900
0.00161700
0.00296000
0.00479100
0.00628700
0.00790400
0.00988800
0.00912500
0.00338700
-0.00222800
-0.00204500
-0.00106800
-0.00494400
-0.00738500
-0.00503500
-0.00546300
-0.00955200
-0.00970500
-0.00762900
-0.01040600
-0.01590000
-0.01821900
-0.01855500
-0.01818800
-0.01599100
-0.01440400
-0.01422100
-0.01245100
-0.00988800
-0.00961300
-0.00936900
-0.00708000
-0.00650000
-0.00882000
-0.00872800
-0.00460800
-0.00125100
-0.00033600
0.00085400
0.00274700
0.00372300
0.00378400
0.00393700
0.00421100
0.00335700
0.00140400
0.00030500
0.00085400
0.00177000
0.00195300
0.00100700
-0.00045800
-0.00158700
-0.00207500
-0.00338700
-0.00579800
-0.00750700
-0.00839200
-0.00982700
-0.01086400
-0.00970500
-0.00811800
-0.00863600
-0.00952100
-0.00882000
-0.00814800
-0.00814800
-0.00802600
-0.00762900
-0.00747700
-0.00637800
-0.00439500
-0.00277700
-0.00119000
0.00079300
0.00174000
0.00119000
0.00189200
0.00363200
0.00366200
0.00207500
0.00183100
0.00286900
0.00332600
0.00305200
0.00320400
0.00299100
0.00152600
0.00018300
-0.00067100
-0.00201400
-0.00347900
-0.00381500
-0.00479100
-0.00643900
-0.00543200
-0.00399800
-0.00546300
-0.00656100
-0.00491300
-0.00491300
-0.00613400
-0.00479100
-0.00317400
-0.00366200
-0.00259400
-0.00027500
0.00027500
0.00122100
0.00351000
0.00375400
0.00317400
0.00500500
0.00665300
0.00564600
0.00616500
0.00854500
0.00866700
0.00851400
0.01040600
0.01141400
0.01080300
0.01159700
0.01257300
0.01236000
0.01324500
0.01431300
0.01382400
0.01370200
0.01596100
0.01785300
0.01821900
0.01944000
0.02157600
0.02282700
0.02383400
0.02609300
0.02798500
0.02639800
0.02023300
0.01525900
0.01599100
0.01687600
0.01330600
0.01116900
0.01293900
0.01217700
0.00851400
0.00866700
0.01004000
0.00671400
0.00192300
-0.00027500
-0.00091600
-0.00003100
0.00241100
0.00344800
0.00302100
0.00494400
0.00766000
0.00747700
0.00744600
0.00967400
0.00970500
0.00708000
0.00753800
0.01168800
0.01455700
0.01519800
0.01605200
0.01736500
0.01818800
0.01831100
0.01815800
0.01730300
0.01599100
0.01443500
0.01293900
0.01281700
0.01351900
0.01339700
0.01165800
0.00976600
0.00894200
0.00842300
0.00674400
0.00418100
0.00222800
0.00112900
-0.00030500
-0.00103800
0.00018300
0.00137300
0.00070200
-0.00030500
0.00027500
0.00082400
0.00094600
0.00122100
0.00109900
0.00106800
0.00238000
0.00430300
0.00540200
0.00680500
0.00875900
0.00903300
0.00824000
0.00918600
0.01046800
0.00964400
0.00854500
0.00878900
0.00836200
0.00686600
0.00607300
0.00589000
0.00451700
0.00317400
0.00228900
0.00103800
-0.00030500
-0.00149500
-0.00372300
-0.00607300
-0.00647000
-0.00695800
-0.00811800
-0.00778200
-0.00674400
-0.00680500
-0.00656100
-0.00561500
-0.00537100
-0.00521900
-0.00491300
-0.00494400
-0.00439500
-0.00314300
-0.00241100
-0.00195300
-0.00061000
0.00033600
0.00048800
0.00082400
0.00146500
0.00125100
0.00088500
0.00088500
0.00088500
0.00116000
0.00161700
0.00158700
0.00134300
0.00161700
0.00167800
0.00149500
0.00161700
0.00219700
0.00250200
0.00286900
0.00341800
0.00418100
0.00537100
0.00677500
0.00784300
0.00939900
0.01123000
0.01300000
0.01446500
0.01351900
0.00802600
0.00198400
0.00134300
0.00164800
-0.00192300
-0.00448600
-0.00289900
-0.00369300
-0.00741600
-0.00769000
-0.00662200
-0.00964400
-0.01443500
-0.01736500
-0.01901200
-0.01892100
-0.01681500
-0.01580800
-0.01596100
-0.01403800
-0.01168800
-0.01153600
-0.01147500
-0.00976600
-0.00976600
-0.01193200
-0.01202400
-0.00900300
-0.00601200
-0.00463900
-0.00360100
-0.00213600
-0.00091600
-0.00082400
-0.00103800
-0.00140400
-0.00262500
-0.00460800
-0.00604200
-0.00613400
-0.00564600
-0.00537100
-0.00601200
-0.00753800
-0.00866700
-0.00885000
-0.00988800
-0.01229900
-0.01413000
-0.01486200
-0.01614400
-0.01727300
-0.01608300
-0.01455700
-0.01467900
-0.01492300
-0.01406900
-0.01342800
-0.01306200
-0.01242100
-0.01226800
-0.01239000
-0.01129200
-0.00936900
-0.00799600
-0.00634800
-0.00433300
-0.00329600
-0.00347900
-0.00293000
-0.00180100
-0.00204500
-0.00296000
-0.00296000
-0.00314300
-0.00408900
-0.00482200
-0.00506600
-0.00585900
-0.00726300
-0.00814800
-0.00882000
-0.01040600
-0.01208500
-0.01303100
-0.01406900
-0.01510600
-0.01504500
-0.01483200
-0.01525900
-0.01458700
-0.01339700
-0.01367200
-0.01330600
-0.01135300
-0.01080300
-0.01113900
-0.00964400
-0.00811800
-0.00811800
-0.00683600
-0.00491300
-0.00460800
-0.00393700
-0.00256300
-0.00235000
-0.00253300
-0.00164800
-0.00131200
-0.00216700
-0.00167800
-0.00082400
-0.00131200
-0.00146500
-0.00058000
-0.00067100
-0.00122100
-0.00070200
-0.00048800
-0.00073200
-0.00009200
0.00076300
0.00109900
0.00207500
0.00381500
0.00503500
0.00625600
0.00845300
0.01010100
0.01120000
0.01339700
0.01629600
0.01815800
0.01867700
0.01623500
0.01065100
0.00753800
0.00820900
0.00692700
0.00338700
0.00320400
0.00399800
0.00146500
-0.00027500
0.00100700
0.00033600
-0.00357100
-0.00683600
-0.00872800
-0.00943000
-0.00769000
-0.00552400
-0.00512700
-0.00381500
-0.00070200
0.00103800
0.00177000
0.00375400
0.00515700
0.00424200
0.00393700
0.00601200
0.00903300
0.01171900
0.01318400
0.01425200
0.01571700
0.01681500
0.01696800
0.01672400
0.01614400
0.01455700
0.01272600
0.01196300
0.01208500
0.01202400
0.01162700
0.01068100
0.00933800
0.00894200
0.00866700
0.00695800
0.00476100
0.00384500
0.00286900
0.00143400
0.00186200
0.00335700
0.00372300
0.00387600
0.00479100
0.00561500
0.00619500
0.00708000
0.00747700
0.00735500
0.00799600
0.00955200
0.01055900
0.01162700
0.01364100
0.01489300
0.01483200
0.01519800
0.01574700
0.01547200
0.01449600
0.01361100
0.01284800
0.01239000
0.01174900
0.01013200
0.00848400
0.00775100
0.00701900
0.00515700
0.00390600
0.00381500
0.00250200
0.00003100
-0.00039700
0.00048800
-0.00015300
-0.00143400
-0.00125100
-0.00024400
0.00018300
0.00097700
0.00170900
0.00207500
0.00305200
0.00390600
0.00396700
0.00479100
0.00665300
0.00683600
0.00598100
0.00701900
0.00851400
0.00793500
0.00738500
0.00787400
0.00766000
0.00683600
0.00668300
0.00640900
0.00567600
0.00555400
0.00512700
0.00415000
0.00412000
0.00470000
0.00402800
0.00354000
0.00448600
0.00534100
0.00549300
0.00619500
0.00732400
0.00814800
0.00924700
0.01062000
0.01178000
0.01327500
0.01501500
0.01641800
0.01825000
0.02090500
0.02298000
0.02194200
0.01669300
0.01126100
0.00982700
0.00924700
0.00555400
0.00296000
0.00347900
0.00256300
-0.00051900
-0.00088500
-0.00012200
