-inf
-inf
-45.350159
-43.836365
-44.176987
-43.732136
-43.295273
-43.140236
-43.395458
-42.941334
-43.386967
-43.215118
-43.497707
-43.108829
-43.349545
-42.829140
-42.543575
-42.620365
-43.262280
-43.217903
-43.789841
-43.705551
-44.112926
-43.497803
-43.775200
-43.456921
-43.245800
-43.396839
-43.228889
-43.296509
-44.275509
-43.126064
-43.565350
-43.027752
-42.851307
-42.551834
-43.095436
-43.069359
-43.684639
-43.114399
-44.012703
-43.447296
-43.222420
-43.144539
-43.527843
-43.111359
-44.079212
-43.549232
-43.666466
-43.724224
-43.232460
-43.547146
-43.331772
-42.991238
-43.866577
-42.958202
-43.836769
-43.580757
-43.932785
-43.399353
-43.880539
-43.562225
-43.888500
-42.984871
-43.483524
-43.536655
-43.484871
-43.098179
-44.018967
-43.391335
-43.980042
-43.130554
-44.152390
-43.716106
-43.333508
-43.134811
-42.983582
-43.292736
-43.820492
-42.979694
-43.896938
-42.351276
-43.602951
-43.247818
-43.328869
-43.416855
-43.571823
-43.348080
-44.038727
-43.498173
-43.524536
-43.063423
-43.193295
-42.906353
-43.536903
-42.858185
-43.699657
-43.262531
-43.487720
-43.314907
-43.907726
-43.534653
-44.436420
-43.368893
-43.658451
-42.914845
-43.990391
-43.446079
-43.774155
-43.194870
-43.364910
-42.847092
-43.601124
-42.805012
-43.856308
-42.964378
-43.753288
-43.458881
-44.453041
-43.214718
-43.482468
-42.822121
-43.309078
-43.377342
-43.610641
-42.443844
-43.566841
-43.031376
-43.614368
-43.470795
-43.329437
-42.859528
-43.794415
-43.561623
-43.700230
-43.300804
-44.032272
-43.685577
-43.974510
-42.227200
-43.947468
-42.885071
-43.381058
-42.993111
-43.649384
-42.771927
-43.473572
-43.079239
-43.607197
-43.186066
-43.588215
-43.317471
-44.404579
-42.938953
-43.322033
-43.094284
-43.909763
-42.957172
-43.153851
-43.029442
-42.634727
-42.175617
-42.855274
-43.139091
-42.986015
-41.953224
-43.481503
-41.402225
-38.531796
-38.960190
-39.728123
-39.296520
-41.154469
-42.362843
-43.284218
-43.003746
-43.377945
-42.606617
-43.057266
-43.055912
-43.977085
-42.988689
-43.313427
-42.335415
-43.445763
-42.174454
-41.764942
-41.826912
-41.422085
-40.145794
-41.225422
-40.673462
-40.481907
-40.505211
-41.883503
-41.313423
-42.724091
-42.594116
-42.266899
-42.098358
-41.777405
-41.615631
-42.933346
-41.209709
-43.069302
-42.827740
-42.674950
-42.238094
-43.834499
-42.900406
-44.049915
-42.473869
-43.804710
-42.986786
-43.668686
-43.162209
-43.923912
-42.929653
-43.858582
-43.527363
-43.933254
-42.900684
-43.490280
-42.726391
-43.372627
-42.731838
-43.632427
-42.678295
-43.968163
-42.855705
-44.381195
-43.084866
-44.023735
-43.113686
-43.651165
-42.659260
-43.897476
-43.512768
-43.819904
-42.985779
-43.800320
-43.092030
-43.423077
-43.798206
-44.199646
-43.176071
-43.229008
-43.332844
-45.011791
-40.877590
-45.265518
-45.737507
-43.506077
-43.329330
-43.717709
-43.537914
-42.198067
-43.153828
-44.306927
-42.447186
-44.185368
-43.371037
-43.789425
-43.095413
-43.720638
-43.805225
-43.968979
-42.912857
-44.268242
-42.440647
-43.807056
-43.330288
-43.994938
-43.043610
-43.362019
-43.526897
-43.426521
-43.550026
-44.698154
-42.864655
-43.859089
-42.925747
-43.563896
-43.502533
-43.631844
-43.459206
-43.842533
-42.632168
-44.120834
-44.289364
-44.317837
-42.984394
-43.899689
-43.105499
-43.725193
-42.835609
-44.280659
-42.748695
-43.760757
-43.269299
-43.988853
-43.873608
-43.795952
-43.517303
-43.298782
-43.796921
-43.676720
-43.262222
-43.721512
-43.028793
-43.371147
-43.452576
-44.622231
-42.939919
-43.827339
-42.842422
-43.725010
-43.417099
-43.986343
-43.911961
-44.335938
-42.985989
-43.552162
-42.909592
-44.212521
-43.267857
-44.034679
-43.026806
-43.837761
-43.213547
-44.036182
-43.150791
-43.600693
-42.954521
-43.431133
-43.202026
-43.925407
-43.089771
-43.757519
-43.038555
-43.558678
-43.086548
-43.885864
-43.135342
-43.666592
-42.793995
-43.554470
-43.090237
-43.663578
-42.862488
-43.600151
-42.978729
-44.207527
-43.417309
-43.885063
-42.756721
-43.807961
-43.237629
-43.390373
-43.314606
-43.775291
-43.443459
-44.138252
-43.608448
-44.201756
-42.964725
-43.898209
-42.943752
-43.453617
-43.179344
-44.251274
-43.494892
-43.867268
-43.315639
-43.336456
-43.340088
-43.831951
-43.184509
-43.559074
-42.869556
-43.698341
-42.927887
-43.955029
-43.385723
-43.496811
-43.174042
-43.638973
-43.617584
-43.816048
-43.173569
-43.743862
-42.993488
-43.305393
-43.355228
-44.071129
-43.384598
-43.635422
-43.084499
-43.960564
-43.120285
-44.202248
-43.062141
-43.612156
-43.054329
-43.646343
-43.741219
-43.706253
-43.071033
-43.235065
-42.885902
-43.433697
-43.388859
-44.002510
-43.218941
-43.528141
-43.092030
-43.727394
-43.214256
-43.528774
-43.278629
-43.520550
-43.541958
-43.863903
-43.616913
-44.014416
-43.242214
-43.327087
-42.993824
-44.078106
-43.485298
-43.937313
-43.349220
-43.430351
-43.498932
-43.612911
-43.677700
-43.642475
-43.626808
-43.383556
-43.289215
-44.121101
-43.795998
-44.166023
-43.037498
-43.454956
-43.183338
-43.423405
-43.040714
-43.068676
-42.857544
-43.579720
-43.812832
-44.061554
-43.521751
-43.591301
-42.885899
-43.565681
-43.101158
-43.647747
-43.042301
-43.353626
-42.836506
-43.341984
-43.456226
-43.594116
-43.529926
-43.407459
-43.499527
-43.712101
-43.351028
-43.674141
-43.068684
-42.964973
-42.655643
-43.445484
-43.398941
-43.969433
-43.635696
-43.651653
-43.269833
-43.308365
-43.348640
-43.486530
-42.934334
-42.972271
-42.801880
-43.169819
-43.396866
-43.957020
-43.030693
-43.016850
-42.883968
-43.486252
-43.440701
-43.767361
-43.670643
-43.364246
-43.110870
-42.987633
-43.265182
