-inf
-inf
-97.436584
-96.015511
-96.787170
-98.370796
-97.578987
-96.329597
-96.329597
-97.165062
-96.668182
-96.222359
-96.222359
-96.015511
-69.369972
-62.725273
-64.492844
-64.009811
-63.287388
-60.713634
-62.978832
-60.575813
-64.936401
-60.612278
-64.285957
-60.349606
-66.390388
-58.885105
-59.727371
-57.142235
-63.113510
-62.613010
-61.350769
-65.637733
-62.499844
-60.741402
-60.722702
-61.849342
-63.361794
-66.098106
-62.535728
-65.767029
-63.567738
-64.568832
-66.498978
-62.733807
-65.910446
-59.990547
-61.602474
-58.643349
-38.511677
-28.954798
-27.634876
-28.138737
-28.005966
-25.765976
-24.718351
-22.133739
-20.280668
-18.907112
-18.449715
-17.610796
-17.345846
-17.772373
-18.304506
-15.648387
-15.910660
-16.159933
-16.029411
-14.556221
-15.385174
-15.381647
-17.271391
-18.544598
-25.946671
-27.721420
-34.851311
-32.406754
-35.941467
-39.404743
-44.466640
-51.685535
-56.238949
-60.827927
-57.237743
-61.617050
-53.193245
-63.728825
-65.088715
-59.899071
-61.082069
-62.740215
-63.432205
-64.313309
-60.923988
-66.255318
-65.636894
-64.161079
-66.370941
-63.898907
-64.738594
-64.118912
-61.704681
-63.737724
-63.871326
-60.103264
-62.135536
-64.873749
-59.508938
-63.811455
-62.575066
-67.260460
-67.134766
-63.139477
-65.716019
-66.189964
-65.570938
-62.526535
-63.222454
-65.495293
-64.931671
-61.109692
-61.772472
-65.206566
-61.335648
-65.252411
-62.780880
-65.970398
-65.293526
-63.860676
-65.155563
-65.939423
-66.265472
-64.049316
-64.012733
-64.640503
-64.235054
-63.306667
-64.492203
-62.506771
-66.619507
-62.462379
-65.481956
-64.193687
-64.561668
-63.745800
-67.898361
-62.931011
-61.811043
-62.514973
-65.616302
-65.287628
-62.654827
-66.721443
-66.089981
-67.558769
-62.664013
-63.959064
-72.053520
-66.189964
-67.946777
-62.019180
-65.496811
-62.094681
-61.631966
-61.162693
-66.417671
-62.641106
-62.406807
-65.267433
-62.231026
-66.792969
-67.992714
-61.458321
-66.895889
-60.468567
-63.299149
-62.592342
-63.633945
-62.181870
-64.692024
-66.573212
-64.238403
-64.720490
-65.308434
-64.261879
-64.156540
-64.969215
-63.898411
-64.046623
-67.171776
-63.780010
-65.053452
-61.471073
-63.282864
-65.810455
-62.089363
-63.521824
-62.454411
-64.890480
-64.881523
-59.147385
-66.355080
-62.759640
-64.534225
-61.216949
-63.020645
-63.097851
-67.985870
-62.483913
-64.505882
-63.581963
-64.060249
-66.537872
-63.342434
-63.198627
-63.625256
-63.533840
-64.796860
-63.578384
-67.458351
-64.386742
-62.214958
-63.631203
-64.485023
-63.583576
-66.235619
-66.695732
-65.683243
-64.408669
-66.273186
-66.105728
-64.719963
-60.412582
-60.148335
-62.330009
-63.296234
-59.674961
-65.287201
-63.873486
-62.424797
-63.841900
-62.240078
-63.629917
-64.083359
-61.660995
-68.345856
-65.396080
-65.680153
-62.695076
-65.055389
-63.349369
-63.712925
-62.176399
-62.595100
-61.457508
-62.237370
-63.379097
-63.848885
-66.540154
-61.815956
-61.719643
-59.361298
-59.102890
-62.528843
-61.540543
-62.452988
-64.239609
-64.026512
-63.732109
-62.465233
-65.667084
-63.022469
-66.184708
-66.072243
-63.059944
-67.673973
-63.049728
-63.137547
-63.958626
-63.217678
-62.891232
-64.455803
-66.433990
-61.667931
-62.470455
-62.863136
-62.179989
-65.953644
-64.443619
-66.739662
-61.799015
-63.429310
-62.002831
-63.310890
-62.964951
-63.278076
-65.774193
-62.376072
-66.580223
-61.752178
-64.286972
-63.616936
-64.639542
-65.819908
-63.500149
-65.405724
-62.991047
-64.836021
-62.331955
-63.108700
-63.623043
-63.667458
-61.395157
-64.172165
-65.464844
-64.793587
-65.619255
-67.702766
-64.558922
-68.770088
-62.490639
-67.612267
-63.181660
-66.160828
-65.095573
-63.754673
-65.747238
-63.321850
-63.263847
-64.736633
-66.360329
-65.777824
-65.218483
-65.223030
-67.452164
-64.292068
-63.551788
-64.305397
-66.408043
-62.207893
-65.591774
-63.527344
-64.851212
-62.330788
-64.571510
-65.927536
-63.441967
-65.682495
-63.296394
-65.517387
-59.767849
-67.788055
-62.870327
-65.561287
-64.184540
-65.446999
-66.273506
-65.457733
-65.574310
-63.984238
-66.634155
-63.148026
-65.101624
-63.575565
-62.987225
-64.711128
-67.131371
-64.745445
-66.401085
-63.277645
-66.033127
-65.827545
-67.855568
-67.200211
-67.383392
-67.294762
-62.997597
-66.605835
-63.501453
-64.877090
-61.298367
-62.028687
-62.335457
-64.498825
-65.247757
-64.278099
-64.885643
-66.484550
-65.976204
-66.784401
-62.861134
-64.358444
-63.182976
-63.883057
-61.988102
-64.320137
-62.608398
-64.803123
-63.967125
-63.199207
-63.314632
-61.572052
-67.039497
-65.769798
-62.317661
-68.284286
-59.860638
-64.242363
-62.898220
-66.300163
-61.887707
-61.074356
-64.348183
-62.203819
-62.317574
-62.763508
-61.740726
-63.407646
-64.504456
-66.371933
-65.543037
-68.494133
-62.978481
-66.291977
-61.982792
-65.690636
-60.870098
-64.102043
-64.214989
-62.114918
-62.529613
-63.399456
-63.865662
-66.289719
-62.499977
-65.593880
-60.133343
-62.583397
-61.110832
-64.793205
-61.603386
-62.742542
-62.674297
-64.269371
-66.396339
-62.360157
-63.298233
-65.290535
-65.768654
-66.339378
-63.715778
-64.242165
-64.352798
-64.531425
-61.265091
-63.411526
-65.203217
-64.775177
-63.131981
-62.912090
-66.643837
-65.800255
-63.064037
-69.101822
-63.103428
-67.336594
-60.626534
-64.526405
-60.970963
-64.470634
-61.593559
-63.685848
-61.848103
-65.209839
-63.207138
-66.445793
-66.154358
-67.340157
-62.306255
-66.067841
-63.940800
-66.097176
-61.520981
-64.816818
-63.056213
-63.881264
-62.543983
-60.923706
-63.677410
-62.966003
-62.964451
-63.459030
-63.752514
-67.258041
-59.914238
-64.416000
-60.457851
-63.895309
-61.816303
